0:
0 199698433 12;
12 199698446 1024;
1036 199699472 1008;
2044 199700592 16;
2060 199700609 1024;
3084 199701634 1024;
4108 199702659 1024;
5132 199703684 1024;
6156 199704709 1024;
7180 199705734 890;
8070 199706632 134;
8204 199706767 1024;
9228 199707792 1024;
10252 199708817 1024;
11276 199709842 1024;
12300 199710867 1024;
13324 199711892 1024;
14348 199712917 1024;
15372 199713942 1024;
16396 199714967 1024;
17420 199715992 1024;
18444 199717017 1024;
19468 199718042 870;
20338 199718920 154;
20492 199719075 1024;
21516 199720100 860;
22376 199721480 164;
22540 199721645 1024;
23564 199722670 1024;
24588 199723695 1024;
25612 199724720 1024;
26636 199725745 1024;
27660 199726770 1024;
28684 199727795 1024;
29708 199728820 1024;
30732 199729845 1024;
31756 199730870 1012;
8:
0 199694336 12;
12 199694349 1024;
1036 199695375 1001;
2037 199698424 8;
2045 199733989 15;
2060 199734005 1011;
3071 199740952 13;
3084 199740966 1013;
4097 199748641 11;
4108 199748653 1015;
5123 199754242 6;
5129 199756857 3;
5132 199756861 1024;
6156 199757886 1024;
7180 199768154 1024;
8204 199769179 2;
8206 199792802 1022;
9228 199793825 4;
9232 199802045 1020;
10252 199803066 6;
10258 199808207 1018;
11276 199809226 8;
11284 199819784 747;
12031 199829774 269;
12300 199830044 757;
13057 199837990 267;
13324 199838258 759;
14083 199845179 265;
14348 199845445 761;
15109 199851341 263;
15372 199851605 427;
15799 199852546 6;
15805 199861611 591;
16396 199862203 435;
16831 199864692 589;
17420 199865282 437;
17857 199874962 587;
18444 199875550 439;
18883 199886259 585;
19468 199886845 441;
19909 199894475 583;
20492 199895059 443;
20935 199906799 581;
21516 199907381 445;
21961 199919123 579;
22540 199919703 447;
22987 199925285 577;
23564 199925863 449;
24013 199934528 575;
24588 199935104 451;
25039 199944798 573;
25612 199945372 453;
26065 199957122 571;
26636 199957694 455;
27091 199968419 569;
27660 199968989 457;
28117 199974581 567;
28684 199975149 459;
29143 199978670 565;
29708 199979236 461;
30169 199989521 563;
30732 199990085 463;
31195 199995680 561;
31756 199996242 465;
32221 200008745 547;
16:
0 199696384 12;
12 199696397 1024;
1036 199697423 1001;
2037 199743515 23;
2060 199743539 1003;
3063 199752749 21;
3084 199752771 957;
4041 199758911 67;
4108 199758979 959;
5067 199767127 65;
5132 199767193 961;
6093 199772262 63;
6156 199772326 963;
7119 199779451 61;
7180 199779513 965;
8145 199790748 59;
8204 199790808 967;
9171 199799991 57;
9228 199800049 969;
10197 199809234 55;
10252 199809290 971;
11223 199816423 53;
11276 199816477 973;
12249 199819778 6;
12255 199830801 45;
12300 199830847 981;
13281 199834909 43;
13324 199834953 983;
14307 199843125 41;
14348 199843167 985;
15333 199849287 39;
15372 199849327 987;
16359 199858530 37;
16396 199858568 989;
17385 199871881 35;
17420 199871917 991;
18411 199877016 33;
18444 199877050 993;
19437 199881124 31;
19468 199881156 995;
20463 199885320 29;
20492 199885350 909;
21401 199897556 115;
21516 199897672 911;
22427 199910907 113;
22540 199911021 913;
23453 199924258 111;
23564 199924370 915;
24479 199937609 109;
24588 199937719 917;
25505 199940690 107;
25612 199940798 919;
26531 199943771 105;
26636 199943877 921;
27557 199951987 103;
27660 199952091 923;
28583 199965338 101;
28684 199965440 925;
29609 199972527 99;
29708 199972627 927;
30635 199979697 97;
30732 199979795 929;
31661 199984386 95;
31756 199984482 931;
32687 199997734 81;
1:
0 199718913 7;
7 199721474 5;
12 199732309 240;
252 199732597 768;
1020 199739416 16;
1036 199739434 1006;
2042 199751722 18;
2060 199751741 1008;
3068 199766100 16;
3084 199766117 1010;
4094 199778424 14;
4108 199778439 1012;
5120 199791775 12;
5132 199791788 1014;
6146 199805126 10;
6156 199805137 1016;
7172 199810261 8;
7180 199810270 1018;
8198 199813342 6;
8204 199813349 1020;
9224 199821558 4;
9228 199821563 1022;
10250 199825666 2;
10252 199825669 1024;
11276 199833883 1024;
12300 199834908 1;
12301 199842098 1023;
13324 199843122 3;
13327 199847233 1021;
14348 199848255 5;
14353 199850314 1019;
15372 199851334 7;
15379 199857503 1017;
16396 199858521 9;
16405 199866746 1015;
17420 199867762 11;
17431 199880097 1013;
18444 199881111 13;
18457 199883178 1011;
19468 199884190 15;
19483 199889340 1009;
20492 199890350 17;
20509 199893448 1007;
21516 199894456 19;
21535 199905772 1005;
22540 199906778 21;
22561 199911934 1003;
23564 199912938 23;
23587 199917069 499;
24086 199918088 8;
24094 199921177 494;
24588 199921672 532;
25120 199928366 492;
25612 199928859 534;
26146 199945825 490;
26636 199946316 536;
27172 199954041 488;
27660 199954530 538;
28198 199960203 486;
28684 199960690 540;
29224 199967392 484;
29708 199967877 542;
30250 199973554 482;
30732 199974037 544;
31276 199992599 480;
31756 199993080 546;
32302 200000815 466;
24:
0 199700557 2;
2 199700565 3;
5 199700573 3;
8 199700588 4;
12 199706626 6;
18 199732549 48;
66 199733613 64;
130 199735016 128;
258 199735336 256;
514 199735848 512;
1026 199736920 10;
1036 199736932 1012;
2048 199747614 12;
2060 199747627 1014;
3074 199761992 10;
3084 199762003 1016;
4100 199765073 8;
4108 199765082 1018;
5126 199771235 6;
5132 199771242 1020;
6152 199776370 4;
6156 199776375 1022;
7178 199781505 2;
7180 199781508 1024;
8204 199785614 882;
9086 199793829 142;
9228 199793972 884;
10112 199804099 140;
10252 199804240 886;
11138 199807180 138;
11276 199807319 888;
12164 199818477 136;
12300 199818614 650;
12950 199822585 374;
13324 199822960 652;
13976 199832855 372;
14348 199833228 654;
15002 199840044 370;
15372 199840415 656;
16028 199846206 368;
16396 199846575 658;
17054 199854422 366;
17420 199854789 660;
18080 199859557 364;
18444 199859922 662;
19106 199869827 362;
19468 199870190 664;
20132 199875989 360;
20492 199876350 666;
21158 199890367 358;
21516 199890726 668;
22184 199900637 356;
22540 199900994 670;
23210 199908853 354;
23564 199909208 672;
24236 199915015 352;
24588 199915368 674;
25262 199927339 350;
25612 199927690 676;
26288 199933501 348;
26636 199933850 678;
27314 199947879 346;
27660 199948226 680;
28340 199950850 6;
28346 199966365 338;
28684 199966704 688;
29372 199981860 336;
29708 199982197 690;
30398 199986440 334;
30732 199986775 692;
31424 199991572 332;
31756 199991905 694;
32450 199999788 318;
32:
0 199733365 12;
12 199733378 235;
247 199733677 256;
503 199738136 512;
1015 199744542 21;
1036 199744565 1001;
2037 199750695 23;
2060 199750719 1003;
3063 199760965 21;
3084 199760987 1005;
4089 199764046 19;
4108 199764066 1007;
5115 199773289 17;
5132 199773307 1009;
6141 199777397 15;
6156 199777413 1011;
7167 199787667 13;
7180 199787681 1013;
8193 199794856 11;
8204 199794868 1015;
9219 199806153 9;
9228 199806163 1017;
10245 199812315 7;
10252 199812323 1019;
11271 199820531 5;
11276 199820537 1021;
12297 199826693 3;
12300 199826697 1023;
13323 199835936 1;
13324 199835938 1024;
14348 199848260 1024;
15372 199849285 2;
15374 199852552 843;
16217 199860584 179;
16396 199860764 847;
17243 199867773 177;
17420 199867951 849;
18269 199878043 175;
18444 199878219 851;
19295 199882151 173;
19468 199882325 853;
20321 199892421 171;
20492 199892593 855;
21347 199899610 169;
21516 199899780 857;
22373 199904745 167;
22540 199904913 859;
23399 199912961 165;
23564 199913127 861;
24425 199920150 163;
24588 199920314 863;
25451 199929393 161;
25612 199929555 865;
26477 199938636 159;
26636 199938796 867;
27503 199942744 157;
27660 199942902 869;
28529 199948906 155;
28684 199949062 871;
29555 199956095 153;
29708 199956249 873;
30581 199959176 151;
30732 199959328 875;
31607 199964311 149;
31756 199964461 877;
32633 199971500 135;
40:
0 199733933 12;
12 199733946 43;
55 199735144 192;
247 199735592 256;
503 199743003 512;
1015 199746590 21;
1036 199746613 1001;
2037 199770208 23;
2060 199770232 1003;
3063 199780478 21;
3084 199780500 1005;
4089 199784586 19;
4108 199784606 1007;
5115 199789721 17;
5132 199789739 1009;
6141 199797937 15;
6156 199797953 1011;
7167 199801018 13;
7180 199801032 1013;
8193 199817450 11;
8204 199817462 1015;
9219 199823612 9;
9228 199823622 1017;
10245 199828747 7;
10252 199828755 1019;
11271 199836963 5;
11276 199836969 1021;
12297 199844152 3;
12300 199844156 1023;
13323 199855449 1;
13324 199855451 1024;
14348 199863665 1024;
15372 199864690 2;
15374 199870854 1022;
16396 199871877 4;
16400 199879070 1020;
17420 199880091 6;
17426 199888313 1018;
18444 199889332 8;
18452 199896529 1016;
19468 199897546 10;
19478 199903718 1014;
20492 199904733 12;
20504 199916042 1012;
21516 199917055 14;
21530 199922204 1010;
22540 199923215 16;
22556 199926312 1008;
23564 199927321 18;
23582 199931447 1006;
24588 199932454 20;
24608 199936582 1004;
25612 199937587 22;
25634 199946852 1002;
26636 199947855 24;
26660 199955068 1000;
27660 199956069 26;
27686 199958149 998;
28684 199959148 28;
28712 199963284 996;
29708 199964281 30;
29738 199975848 994;
30732 199976843 32;
30764 199987467 992;
31756 199988460 34;
31790 199993626 978;
48:
0 199736360 12;
12 199736373 491;
503 199740440 512;
1015 199745566 21;
1036 199745589 1001;
2037 199754248 23;
2060 199754272 531;
2591 199755830 493;
3084 199756324 533;
3617 199763019 491;
4108 199763511 535;
4643 199774316 489;
5132 199774806 537;
5669 199783559 487;
6156 199784047 539;
6695 199788694 485;
7180 199789180 541;
7721 199795883 483;
8204 199796367 543;
8747 199803072 481;
9228 199803554 545;
9773 199815396 479;
10252 199815876 547;
10799 199827720 477;
11276 199828198 549;
11825 199839017 475;
12300 199839493 551;
12851 199856476 473;
13324 199856950 553;
13877 199868800 471;
14348 199869272 555;
14903 199873935 469;
15372 199874405 557;
15929 199884205 467;
16396 199884673 127;
16523 199891394 897;
17420 199892292 129;
17549 199898583 895;
18444 199899479 131;
18575 199902691 893;
19468 199903585 133;
19601 199909880 891;
20492 199910772 135;
20627 199918096 889;
21516 199918986 137;
21653 199932474 887;
22540 199933362 139;
22679 199939663 885;
23564 199940549 141;
23705 199950960 883;
24588 199951844 143;
24731 199962257 881;
25612 199963139 145;
25757 199970473 879;
26636 199971353 147;
26783 199976875 877;
27660 199977753 149;
27809 199988494 875;
28684 199989370 151;
28835 199996707 873;
29708 199997581 153;
29861 200002925 871;
30732 200003797 155;
30887 200006966 869;
31756 200007836 157;
31913 200014642 855;
56:
0 199736864 12;
12 199736877 43;
55 199737944 192;
247 199738648 768;
1015 199741979 21;
1036 199742002 1001;
2037 199749668 23;
2060 199749692 1003;
3063 199754803 21;
3084 199754825 1005;
4089 199759938 19;
4108 199759958 1007;
5115 199769181 17;
5132 199769199 1009;
6141 199775343 15;
6156 199775359 1011;
7167 199782532 13;
7180 199782546 1013;
8193 199787016 11;
8204 199787028 639;
8843 199796910 385;
9228 199797296 641;
9869 199798964 383;
10252 199799348 643;
10895 199811288 381;
11276 199811670 645;
11921 199814369 379;
12300 199814749 647;
12947 199824639 377;
13324 199825017 649;
13973 199831828 375;
14348 199832204 651;
14999 199841071 373;
15372 199841445 653;
16025 199853395 371;
16396 199853767 655;
17051 199862638 369;
17420 199863008 657;
18077 199865719 367;
18444 199866087 659;
19103 199872908 365;
19468 199873274 661;
20129 199887286 363;
20492 199887650 663;
21155 199895502 361;
21516 199895864 665;
22181 199901664 359;
22540 199902024 667;
23207 199907826 357;
23564 199908184 669;
24233 199913988 355;
24588 199914344 671;
25259 199923231 353;
25612 199923585 673;
26285 199930420 351;
26636 199930772 675;
27311 199935555 349;
27660 199935905 677;
28337 199941717 347;
28684 199942065 679;
29363 199949933 345;
29708 199950279 57;
29765 199950856 104;
29869 199953014 863;
30732 199953878 163;
30895 199961230 861;
31756 199962092 165;
31921 199969446 847;
33:
0 199787010 6;
6 199885314 6;
12 199975609 239;
251 199977902 768;
1019 199980724 17;
1036 199980743 1005;
2041 199985413 19;
2060 199985433 1007;
3067 199994653 17;
3084 199994671 1009;
4093 199998761 15;
4108 199998777 1011;
5119 200003952 13;
5132 200003966 1013;
6145 200013615 11;
6156 200013627 1015;
7171 200016386 6;
7177 200021369 3;
7180 200021373 1023;
8203 200026952 1;
8204 200026954 1024;
9228 200030545 1024;
10252 200031570 2;
10254 200038758 1022;
11276 200039781 4;
11280 200041839 1020;
12300 200042860 6;
12306 200052109 1018;
13324 200053128 8;
13332 200061352 1016;
14348 200062369 10;
14358 200073676 1014;
15372 200074691 12;
15384 200080865 543;
15927 200087027 469;
16396 200087497 557;
16953 200095243 467;
17420 200095711 559;
17979 200101405 465;
18444 200101871 561;
19005 200103459 463;
19468 200103923 563;
20031 200107567 461;
20492 200108029 565;
21057 200114756 459;
21516 200115216 567;
22083 200122972 457;
22540 200123430 569;
23109 200132215 455;
23564 200132671 571;
24135 200140431 453;
24588 200140885 573;
25161 200148647 451;
25612 200149099 575;
26187 200152755 449;
26636 200153205 577;
27213 200157890 447;
27660 200158338 579;
28239 200168160 445;
28684 200168606 581;
29265 200172268 443;
29708 200172712 583;
30291 200180484 441;
30732 200180926 585;
31317 200189727 439;
31756 200190167 587;
32343 200198970 425;
57:
0 199918082 6;
6 199981748 6;
12 199981755 105;
117 199982887 217;
334 199983618 702;
1036 199984322 64;
1100 199990548 960;
2060 199991509 63;
2123 200001842 961;
3084 200002804 65;
3149 200005939 959;
4108 200006899 67;
4175 200011564 957;
5132 200012522 69;
5201 200017208 955;
6156 200018164 71;
6227 200022588 953;
7180 200023542 73;
7253 200033623 951;
8204 200034575 75;
8279 200040812 949;
9228 200041762 77;
9305 200046974 947;
10252 200047922 79;
10331 200054163 945;
11276 200055109 81;
11357 200057244 943;
12300 200058188 83;
12383 200063406 941;
13324 200064348 85;
13409 200069568 939;
14348 200070508 87;
14435 200074703 937;
15372 200075641 89;
15461 200079838 935;
16396 200080774 91;
16487 200082919 933;
17420 200083853 93;
17513 200091135 931;
18444 200092067 95;
18539 200100378 929;
19468 200101308 97;
19565 200110648 927;
20492 200111576 99;
20591 200116810 925;
21516 200117736 101;
21617 200123999 923;
22540 200124923 103;
22643 200133242 921;
23564 200134164 105;
23669 200137350 919;
24588 200138270 107;
24695 200145566 917;
25612 200146484 109;
25721 200155836 915;
26636 200156752 111;
26747 200159944 913;
27660 200160858 113;
27773 200176376 911;
28684 200177288 115;
28799 200187673 909;
29708 200188583 117;
29825 200201024 907;
30732 200201932 1024;
31756 200202957 121;
31877 200204105 891;
17:
0 200002869 12;
12 200002882 43;
55 200004979 960;
1015 200010028 21;
1036 200010051 1001;
2037 200015669 23;
2060 200015693 179;
2239 200016392 304;
2543 200020342 541;
3084 200020884 485;
3569 200023871 539;
4108 200024411 487;
4595 200027979 537;
5132 200028517 489;
5621 200032596 535;
6156 200033132 491;
6647 200036704 533;
7180 200037238 493;
7673 200042866 531;
8204 200043398 495;
8699 200048001 529;
9228 200048531 109;
9337 200053136 915;
10252 200054052 111;
10363 200064433 913;
11276 200065347 113;
11389 200067514 911;
12300 200068426 115;
12415 200075730 909;
13324 200076640 117;
13441 200084973 907;
14348 200085881 119;
14467 200093189 905;
15372 200094095 121;
15493 200099351 903;
16396 200100255 123;
16519 200102432 901;
17420 200103334 125;
17545 200108594 899;
18444 200109494 127;
18571 200117837 897;
19468 200118735 129;
19597 200120918 895;
20492 200121814 131;
20623 200127080 893;
21516 200127974 133;
21649 200136323 891;
22540 200137215 135;
22675 200142485 889;
23564 200143375 137;
23701 200146593 351;
24052 200147464 156;
24208 200150701 380;
24588 200151082 646;
25234 200154809 378;
25612 200155188 648;
26260 200161998 376;
26636 200162375 650;
27286 200166106 374;
27660 200166481 652;
28312 200173295 372;
28684 200173668 654;
29338 200182538 370;
29708 200182909 656;
30364 200188700 368;
30732 200189069 658;
31390 200191781 366;
31756 200192148 660;
32416 200197943 352;
41:
0 200007993 12;
12 200008006 107;
119 200008233 128;
247 200008489 256;
503 200011052 512;
1015 200012591 21;
1036 200012614 1001;
2037 200019259 23;
2060 200019283 1003;
3063 200025925 21;
3084 200025947 1005;
4089 200029006 19;
4108 200029026 1007;
5115 200037731 17;
5132 200037749 1009;
6141 200043893 15;
6156 200043909 1011;
7167 200051082 13;
7180 200051096 1013;
8193 200055190 11;
8204 200055202 1015;
9219 200060325 9;
9228 200060335 1017;
10245 200070595 7;
10252 200070603 1019;
11271 200077784 5;
11276 200077790 1021;
12297 200081928 3;
12300 200081932 987;
13287 200088054 37;
13324 200088092 989;
14313 200094216 35;
14348 200094252 991;
15339 200106540 33;
15372 200106574 993;
16365 200109621 31;
16396 200109653 995;
17391 200118864 29;
17420 200118894 997;
18417 200126053 27;
18444 200126081 999;
19443 200130161 25;
19468 200130187 1001;
20469 200141458 23;
20492 200141482 1003;
21495 200144539 21;
21516 200144561 1005;
22521 200149674 19;
22540 200149694 1007;
23547 200153782 17;
23564 200153800 1009;
24573 200163025 15;
24588 200163041 1011;
25599 200167133 13;
25612 200167147 1013;
26625 200174322 11;
26636 200174334 1015;
27651 200178430 9;
27660 200178440 1017;
28677 200183565 7;
28684 200183573 1019;
29703 200186646 5;
29708 200186652 1021;
30729 200195889 3;
30732 200195893 1023;
31755 200199997 1;
31756 200199999 1012;
25:
0 200008113 12;
12 200008126 107;
119 200008361 128;
247 200009772 256;
503 200016696 512;
1015 200018235 21;
1036 200018258 1001;
2037 200024898 23;
2060 200024922 1003;
3063 200034650 21;
3084 200034672 1005;
4089 200044920 19;
4108 200044940 1007;
5115 200049160 17;
5132 200049178 877;
6009 200058271 147;
6156 200058419 879;
7035 200065460 145;
7180 200065606 881;
8061 200068541 143;
8204 200068685 883;
9087 200072649 141;
9228 200072791 885;
10113 200081922 6;
10119 200090108 133;
10252 200090242 893;
11145 200096270 131;
11276 200096402 895;
12171 200113729 129;
12300 200113859 317;
12617 200114696 60;
12677 200115783 647;
13324 200116431 379;
13703 200125026 645;
14348 200125672 381;
14729 200129134 643;
15372 200129778 383;
15755 200134269 641;
16396 200134911 385;
16781 200139404 639;
17420 200140044 387;
17807 200151728 637;
18444 200152366 389;
18833 200160971 635;
19468 200161607 391;
19859 200169187 633;
20492 200169821 393;
20885 200175349 631;
21516 200175981 395;
21911 200180226 6;
21917 200190754 623;
22540 200191378 403;
22943 200193835 621;
23564 200194457 405;
23969 200205132 619;
24588 200205752 407;
24995 200208213 617;
25612 200208831 409;
26021 200210267 615;
26636 200210883 411;
27047 200215402 613;
27660 200216016 413;
28073 200218483 611;
28684 200219095 1024;
29708 200220120 417;
30125 200223618 607;
30732 200224226 1024;
31756 200225251 421;
32177 200227726 591;
9:
0 200020286 12;
12 200020299 43;
55 200022396 192;
247 200023615 256;
503 200030033 512;
1015 200031572 21;
1036 200031595 1001;
2037 200035677 23;
2060 200035701 1003;
3063 200039785 21;
3084 200039807 1005;
4089 200045947 19;
4108 200045967 1007;
5115 200050055 17;
5132 200050073 1009;
6141 200056217 15;
6156 200056233 1011;
7167 200059298 13;
7180 200059312 1013;
8193 200066487 11;
8204 200066499 1015;
9219 200076757 9;
9228 200076767 1017;
10245 200083946 7;
10252 200083954 1019;
11271 200092162 5;
11276 200092168 1021;
12297 200097297 3;
12300 200097301 1023;
13323 200104486 1;
13324 200104488 1024;
14348 200111675 1024;
15372 200112700 2;
15374 200119891 1022;
16396 200120914 4;
16400 200131188 1020;
17420 200132209 6;
17426 200138377 1018;
18444 200139396 8;
18452 200147620 1016;
19468 200148637 10;
19478 200158917 1014;
20492 200159932 12;
20504 200164052 1012;
21516 200165065 14;
21530 200171241 1010;
22540 200172252 16;
22556 200179457 255;
22811 200180232 252;
23063 200184592 501;
23564 200185094 525;
24089 200194862 499;
24588 200195362 527;
25115 200203078 497;
25612 200203576 529;
26141 200207186 495;
26636 200207682 531;
27167 200211294 493;
27660 200211788 533;
28193 200213348 491;
28684 200213840 535;
29219 200216429 489;
29708 200216919 537;
30245 200220537 487;
30732 200221025 539;
31271 200222591 485;
31756 200223077 541;
32297 200226699 471;
49:
0 199688706 12;
12 199688719 1024;
1036 199689745 1024;
2060 199690770 1024;
3084 199691795 1024;
4108 199692820 1024;
5132 199693845 491;
5623 199696376 8;
5631 200049154 6;
5637 200062379 519;
6156 200062899 507;
6663 200071622 517;
7180 200072140 509;
7689 200078811 515;
8204 200079327 511;
8715 200086000 513;
9228 200086514 513;
9741 200089081 511;
10252 200089593 515;
10767 200098324 509;
11276 200098834 517;
11793 200105513 507;
12300 200106021 519;
12819 200112702 505;
13324 200113208 521;
13845 200121945 503;
14348 200122449 523;
14871 200128107 501;
15372 200128609 525;
15897 200135296 499;
16396 200135796 527;
16923 200143512 497;
17420 200144010 529;
17949 200156863 495;
18444 200157359 531;
18975 200165079 493;
19468 200165573 533;
20001 200170214 491;
20492 200170706 535;
21027 200177403 489;
21516 200177893 537;
22053 200181511 487;
22540 200181999 539;
23079 200185619 485;
23564 200186105 541;
24105 200192808 483;
24588 200193292 543;
25131 200196916 481;
25612 200197398 545;
26157 200206159 479;
26636 200206639 547;
27183 200209240 477;
27660 200209718 549;
28209 200212321 159;
28368 200213000 316;
28684 200213317 31;
28715 200214375 993;
29708 200215369 33;
29741 200217456 991;
30732 200218448 35;
30767 200221564 989;
31756 200222554 37;
31793 200225672 975;
2:
0 117688320 12;
12 117688333 1024;
1036 117689359 1001;
2037 117692408 23;
2060 117692432 1003;
3063 117695489 21;
3084 117695511 1005;
4089 117697543 19;
4108 117697563 1007;
5115 117699597 17;
5132 117699615 1009;
6141 117701651 15;
6156 117701667 989;
7145 117703705 35;
7180 117703741 991;
8171 117705759 33;
8204 117705793 993;
9197 117707813 31;
9228 117707845 995;
10223 117712888 8;
10231 117731368 21;
10252 117731390 1005;
11257 117735944 19;
11276 117735964 539;
11815 117738557 485;
12300 117739043 541;
12841 117742665 483;
13324 117743149 543;
13867 117744719 481;
14348 117745201 545;
14893 117782598 479;
15372 117783078 547;
15919 117952606 477;
16396 117953084 549;
16945 117965957 475;
17420 117966433 551;
17971 117980335 473;
18444 117980809 553;
18997 117992659 471;
19468 117993131 555;
20023 118009091 469;
20492 118009561 557;
21049 118027577 467;
21516 118028045 559;
22075 118047090 465;
22540 118047556 561;
23101 118066603 463;
23564 118067067 563;
24127 118084062 461;
24588 118084524 565;
25153 118096386 459;
25612 118096846 567;
26179 118110764 457;
26636 118111222 569;
27205 118129250 455;
27660 118129706 571;
28231 118164168 453;
28684 118164622 573;
29257 118176492 451;
29708 118176944 575;
30283 118192924 449;
30732 118193374 577;
31309 118204221 447;
31756 118204669 579;
32335 118212437 433;
3:
0 117690368 12;
12 117690381 1024;
1036 117691407 1001;
2037 117693435 23;
2060 117693459 1024;
3084 117694484 1005;
4089 117696516 19;
4108 117696536 1007;
5115 117698570 17;
5132 117698588 1009;
6141 117700624 15;
6156 117700640 1011;
7167 117703176 13;
7180 117703190 515;
7695 117704732 509;
8204 117705242 517;
8721 117706786 507;
9228 117707294 519;
9747 117708840 505;
10252 117709346 1024;
11276 117710371 477;
11753 117734449 547;
12300 117734997 427;
12727 117735938 6;
12733 117739584 591;
13324 117740176 435;
13759 117743692 589;
14348 117744282 437;
14785 117747800 587;
15372 117748388 439;
15811 117783625 585;
16396 117784211 441;
16837 117957741 583;
17420 117958325 443;
17863 117981362 581;
18444 117981944 445;
18889 118001902 579;
19468 118002482 447;
19915 118024496 577;
20492 118025074 449;
20941 118030850 6;
20947 118050171 569;
21516 118050741 457;
21973 118056333 567;
22540 118056901 459;
22999 118078927 565;
23564 118079493 461;
24025 118094332 563;
24588 118094896 463;
25051 118113845 561;
25612 118114407 465;
26077 118128223 417;
26494 118129160 90;
26584 118141574 52;
26636 118141627 974;
27610 118165195 50;
27660 118165246 976;
28636 118177519 48;
28684 118177568 978;
29662 118194978 46;
29708 118195025 980;
30688 118207302 44;
30732 118207347 982;
31714 118215518 42;
31756 118215561 984;
32740 118223734 28;
19:
0 117712896 12;
12 117712909 1024;
1036 117713935 1001;
2037 117715963 23;
2060 117715987 1024;
3084 117717012 1005;
4089 117720071 19;
4108 117720091 1024;
5132 117721116 1009;
6141 117723152 15;
6156 117723168 1011;
7167 117725206 13;
7180 117725220 1013;
8193 117727260 11;
8204 117727272 1015;
9219 117729314 9;
9228 117729324 1017;
10245 117732395 7;
10252 117732403 1019;
11271 117736503 5;
11276 117736509 1021;
12297 117741638 3;
12300 117741642 1023;
13323 117746773 1;
13324 117746775 1024;
14348 117748827 933;
15281 117784652 91;
15372 117784744 935;
16307 117787733 89;
16396 117787823 849;
17245 117963903 175;
17420 117964079 721;
18141 117983416 303;
18444 117983720 723;
19167 118003956 301;
19468 118004258 725;
20193 118015253 299;
20492 118015553 727;
21219 118044009 297;
21516 118044307 729;
22245 118059414 295;
22540 118059710 731;
23271 118073792 293;
23564 118074086 733;
24297 118092278 291;
24588 118092570 735;
25323 118106656 289;
25612 118106946 737;
26349 118120007 287;
26636 118120295 739;
27375 118132331 285;
27660 118132617 741;
28401 118148763 283;
28684 118149047 743;
29427 118161087 281;
29708 118161369 39;
29747 118161928 186;
29933 118170330 799;
30732 118171130 227;
30959 118185735 797;
31756 118186533 229;
31985 118205248 783;
10:
0 117710848 12;
12 117710861 1024;
1036 117711887 1001;
2037 117714936 23;
2060 117714960 1003;
3063 117718017 21;
3084 117718039 1024;
4108 117719064 1007;
5115 117722125 17;
5132 117722143 1009;
6141 117724179 15;
6156 117724195 1011;
7167 117726233 13;
7180 117726247 1013;
8193 117728287 11;
8204 117728299 1015;
9219 117730341 9;
9228 117730351 1017;
10245 117733422 7;
10252 117733430 1019;
11271 117737530 5;
11276 117737536 1021;
12297 117740611 3;
12300 117740615 1023;
13323 117745746 1;
13324 117745748 1024;
14348 117779517 1024;
15372 117780542 2;
15374 117785679 1022;
16396 117786702 4;
16400 117956714 1020;
17420 117957735 6;
17426 117979308 1018;
18444 117980327 8;
18452 117990605 1016;
19468 117991622 10;
19478 118007037 1014;
20492 118008052 12;
20504 118016280 1012;
21516 118017293 14;
21530 118030856 829;
22359 118049144 181;
22540 118049326 845;
23385 118063624 179;
23564 118063804 745;
24309 118079954 279;
24588 118080234 747;
25335 118101521 277;
25612 118101799 749;
26361 118123088 275;
26636 118123364 751;
27387 118139520 273;
27660 118139794 753;
28413 118152871 271;
28684 118153143 755;
29439 118178546 269;
29708 118178816 757;
30465 118193951 225;
30690 118194696 42;
30732 118194739 239;
30971 118206275 785;
31756 118207061 241;
31997 118218599 771;
18:
0 117749760 12;
12 117749773 1024;
1036 117750799 1024;
2060 117751824 1024;
3084 117752849 1007;
4091 117757950 17;
4108 117757968 1009;
5117 117761031 15;
5132 117761047 1024;
6156 117762072 1013;
7169 117764112 11;
7180 117764124 1015;
8195 117766166 9;
8204 117766176 1024;
9228 117767201 991;
10219 117768706 6;
10225 117770274 27;
10252 117770302 999;
11251 117772328 25;
11276 117772354 1024;
12300 117773379 1003;
13303 117776436 21;
13324 117776458 1005;
14329 117778490 19;
14348 117778510 1007;
15355 117781571 17;
15372 117781589 1009;
16381 117955687 15;
16396 117955703 1011;
17407 117970065 13;
17420 117970079 1013;
18433 117986497 11;
18444 117986509 1015;
19459 118008064 9;
19468 118008074 1017;
20485 118020388 7;
20492 118020396 1019;
21511 118036820 5;
21516 118036826 1021;
22537 118041955 3;
22540 118041959 1023;
23563 118058387 1;
23564 118058389 1024;
24588 118072765 1024;
25612 118073790 2;
25614 118082008 1022;
26636 118083031 4;
26640 118098440 1020;
27660 118099461 6;
27666 118112818 1018;
28684 118113837 8;
28692 118136439 1016;
29708 118137456 10;
29718 118146709 1014;
30732 118147724 12;
30744 118163141 1012;
31756 118164154 14;
31770 118179573 998;
26:
0 117753856 12;
12 117753869 1024;
1036 117754895 1024;
2060 117755920 1024;
3084 117756945 1005;
4089 117758977 19;
4108 117758997 1024;
5132 117760022 1009;
6141 117763085 15;
6156 117763101 1011;
7167 117765139 13;
7180 117765153 1013;
8193 117768712 11;
8204 117768724 1024;
9228 117769749 525;
9753 117771301 499;
10252 117771801 527;
10779 117774382 497;
11276 117774880 1024;
12300 117775905 531;
12831 117777463 493;
13324 117777957 533;
13857 117780544 491;
14348 117781036 535;
14883 117786706 489;
15372 117787196 537;
15909 117958768 487;
16396 117959256 539;
16935 117965314 6;
16941 117974173 479;
17420 117974653 547;
17967 117994713 477;
18444 117995191 549;
18993 118018334 475;
19468 118018810 551;
20019 118026550 473;
20492 118027024 553;
21045 118052225 471;
21516 118052697 555;
22071 118062495 469;
22540 118062965 139;
22679 118075846 885;
23564 118076732 141;
23705 118091251 883;
24588 118092135 143;
24731 118103575 881;
25612 118104457 145;
25757 118124115 879;
26636 118124995 147;
26783 118142601 877;
27660 118143479 149;
27809 118153898 875;
28684 118154774 151;
28835 118169303 873;
29708 118170177 153;
29861 118184708 871;
30732 118185580 155;
30887 118198059 869;
31756 118198929 157;
31913 118211410 855;
27:
0 117788672 12;
12 117788685 1024;
1036 117789711 1024;
2060 117790736 1024;
3084 117791761 1024;
4108 117792786 1024;
5132 117793811 1024;
6156 117794836 1024;
7180 117795861 1024;
8204 117796886 1024;
9228 117797911 1001;
10229 117828663 23;
10252 117828687 1003;
11255 117834248 21;
11276 117834270 555;
11831 117865527 469;
12300 117865997 499;
12799 117871689 525;
13324 117872215 425;
13749 117931039 599;
14348 117931639 393;
14741 117940282 631;
15372 117940914 395;
15767 117946444 629;
16396 117947074 397;
16793 117960822 627;
17420 117961450 399;
17819 117975200 625;
18444 117975826 401;
18845 117987524 623;
19468 117988148 403;
19871 117996767 621;
20492 117997389 179;
20671 118004983 845;
21516 118005829 181;
21697 118017307 843;
22540 118018151 183;
22723 118033739 841;
23564 118034581 185;
23749 118051198 839;
24588 118052038 187;
24775 118071738 837;
25612 118072576 189;
25801 118086116 835;
26636 118086952 191;
26827 118102548 833;
27660 118103382 193;
27853 118117953 831;
28684 118118785 195;
28879 118130277 829;
29708 118131107 197;
29905 118155952 827;
30732 118156780 199;
30931 118168276 825;
31756 118169102 201;
31957 118187789 811;
34:
0 117798912 12;
12 117798925 1024;
1036 117799951 1009;
2045 117804541 15;
2060 117804557 499;
2559 117810177 525;
3084 117810703 501;
3585 117814285 523;
4108 117814809 503;
4611 117817366 521;
5132 117817888 505;
5637 117820447 519;
6156 117820967 507;
6663 117823528 517;
7180 117824046 509;
7689 117829690 515;
8204 117830206 511;
8715 117832771 513;
9228 117833285 443;
9671 117834825 581;
10252 117835407 369;
10621 117867010 6;
10627 117868608 649;
11276 117869258 377;
11653 117899784 565;
12218 117933093 82;
12300 117933176 944;
13244 117949525 80;
13324 117949606 946;
14270 117968011 78;
14348 117968090 948;
15296 117972119 76;
15372 117972196 950;
16322 117989578 74;
16396 117989653 952;
17348 118000875 72;
17420 118000948 954;
18374 118011145 70;
18444 118011216 956;
19400 118023469 68;
19468 118023538 958;
20426 118038874 66;
20492 118038941 960;
21452 118048117 64;
21516 118048182 962;
22478 118064549 62;
22540 118064612 964;
23504 118087143 60;
23564 118087204 966;
24530 118100494 58;
24588 118100553 968;
25556 118121034 56;
25612 118121091 970;
26582 118134385 54;
26636 118134440 972;
27608 118150817 52;
27660 118150870 974;
28634 118166222 50;
28684 118166273 976;
29660 118175465 48;
29708 118175514 978;
30686 118197032 46;
30732 118197079 980;
31712 118213464 44;
31756 118213509 982;
32738 118219626 30;
35:
0 117801474 12;
12 117801487 1024;
1036 117802513 1024;
2060 117803538 1003;
3063 117809150 21;
3084 117809172 1005;
4089 117812231 19;
4108 117812251 1007;
5115 117816339 17;
5132 117816357 1009;
6141 117819420 15;
6156 117819436 1011;
7167 117822501 13;
7180 117822515 1013;
8193 117824555 11;
8204 117824567 1015;
9219 117827636 9;
9228 117827646 1017;
10245 117831744 7;
10252 117831752 1019;
11271 117863473 5;
11276 117863479 1021;
12297 117870662 3;
12300 117870666 1023;
13323 117900349 1;
13324 117900351 1024;
14348 117939255 1024;
15372 117940280 2;
15374 117942336 1022;
16396 117943359 4;
16400 117959795 1020;
17420 117960816 6;
17426 117978281 1018;
18444 117979300 8;
18452 117991632 1016;
19468 117992649 10;
19478 118010118 1014;
20492 118011133 12;
20504 118032712 1012;
21516 118033725 14;
21530 118045036 1010;
22540 118046047 16;
22556 118057360 1008;
23564 118058369 18;
23582 118063618 6;
23588 118083035 1000;
24588 118084036 26;
24614 118108710 998;
25612 118109709 28;
25640 118122061 996;
26636 118123058 30;
26666 118135412 994;
27660 118136407 32;
27692 118145682 992;
28684 118146675 34;
28718 118156979 990;
29708 118157970 36;
29744 118171357 988;
30732 118172346 38;
30770 118189843 986;
31756 118190830 40;
31796 118202167 972;
43:
0 117805056 12;
12 117805069 1024;
1036 117806095 1024;
2060 117807120 1024;
3084 117808145 1005;
4089 117811204 19;
4108 117811224 1007;
5115 117813258 17;
5132 117813276 1009;
6141 117815312 15;
6156 117815328 1011;
7167 117818393 13;
7180 117818407 1013;
8193 117821474 11;
8204 117821486 1015;
9219 117825582 9;
9228 117825592 1024;
10252 117826617 1019;
11271 117830717 5;
11276 117830723 1021;
12297 117862446 3;
12300 117862450 1023;
13323 117869635 1;
13324 117869637 1024;
14348 117928985 1024;
15372 117930010 2;
15374 117934120 1022;
16396 117935143 4;
16400 117945417 1020;
17420 117946438 6;
17426 117962876 1018;
18444 117963895 8;
18452 117977254 1016;
19468 117978271 10;
19478 117998821 1014;
20492 117999836 12;
20504 118021415 1012;
21516 118022428 14;
21530 118031685 1010;
22540 118032696 16;
22556 118053252 1008;
23564 118054261 18;
23582 118065576 1006;
24588 118066583 20;
24608 118089197 1004;
25612 118090202 22;
25634 118104602 1002;
26636 118105605 24;
26660 118116926 1000;
27660 118117927 26;
27686 118137466 998;
28684 118138465 28;
28712 118147736 996;
29708 118148733 30;
29738 118162114 994;
30732 118163109 32;
30764 118182654 992;
31756 118183647 34;
31790 118196005 978;
42:
0 117841920 12;
12 117841933 1024;
1036 117842959 1024;
2060 117843984 1024;
3084 117845009 1024;
4108 117846034 1024;
5132 117847059 1024;
6156 117848084 1011;
7167 117850122 13;
7180 117850136 1013;
8193 117852176 11;
8204 117852188 1015;
9219 117854230 9;
9228 117854240 1017;
10245 117856284 7;
10252 117856292 1019;
11271 117858338 5;
11276 117858344 1021;
12297 117860392 3;
12300 117860396 1023;
13323 117864500 1;
13324 117864502 1024;
14348 117902403 957;
15305 117937201 67;
15372 117937269 959;
16331 117954660 65;
16396 117954726 961;
17357 117976227 63;
17420 117976291 963;
18383 117993686 61;
18444 117993748 965;
19409 117998088 59;
19468 117998148 673;
20141 118012172 351;
20492 118012524 675;
21167 118034766 349;
21516 118035116 677;
22193 118046063 347;
22540 118046411 679;
23219 118060441 345;
23564 118060787 681;
24245 118076873 343;
24588 118077217 683;
25271 118095359 341;
25612 118095701 171;
25783 118099467 853;
26636 118100321 173;
26809 118114872 851;
27660 118115724 175;
27835 118127196 849;
28684 118128046 177;
28861 118149790 847;
29708 118150638 179;
29887 118167249 845;
30732 118168095 181;
30913 118183681 843;
31756 118184525 183;
31939 118200113 829;
50:
0 117835776 12;
12 117835789 1024;
1036 117836815 1024;
2060 117837840 1024;
3084 117838865 1024;
4108 117839890 1024;
5132 117840915 1005;
6137 117849095 19;
6156 117849115 1007;
7163 117851149 17;
7180 117851167 1009;
8189 117853203 15;
8204 117853219 1011;
9215 117855257 13;
9228 117855271 1013;
10241 117857311 11;
10252 117857323 1015;
11267 117859365 9;
11276 117859375 1017;
12293 117861419 7;
12300 117861427 1019;
13319 117867016 5;
13324 117867022 1024;
14348 117868047 561;
14909 117930012 463;
15372 117930476 563;
15935 117932546 6;
15941 117943363 455;
16396 117943819 571;
16967 117947471 453;
17420 117947925 573;
17993 117969038 451;
18444 117969490 575;
19019 117985470 449;
19468 117985920 577;
20045 118006010 447;
20492 118006458 579;
21071 118025523 445;
21516 118025969 581;
22097 118040928 443;
22540 118041372 583;
23123 118067630 441;
23564 118068072 585;
24149 118088170 439;
24588 118088610 587;
25175 118105629 437;
25612 118106067 589;
26201 118126169 435;
26636 118126605 591;
27227 118138493 433;
27660 118138927 593;
28253 118154925 431;
28684 118155357 595;
29279 118174438 429;
29708 118174868 597;
30305 118188816 427;
30732 118189244 599;
31331 118201140 425;
31756 118201566 601;
32357 118214491 411;
58:
0 117874688 12;
12 117874701 1024;
1036 117875727 1024;
2060 117876752 1003;
3063 117878782 21;
3084 117878804 1005;
4089 117880836 19;
4108 117880856 1007;
5115 117883917 17;
5132 117883935 1009;
6141 117885971 15;
6156 117885987 1011;
7167 117888025 13;
7180 117888039 1024;
8204 117889064 1015;
9219 117891106 9;
9228 117891116 1017;
10245 117893160 7;
10252 117893168 1019;
11271 117895214 5;
11276 117895220 1021;
12297 117897268 3;
12300 117897272 1023;
13323 117901376 1;
13324 117901378 1024;
14348 117936174 1024;
15372 117937199 2;
15374 117950552 1022;
16396 117951575 4;
16400 117961849 1020;
17420 117962870 6;
17426 117982389 1018;
18444 117983408 8;
18452 117998082 6;
18458 118013199 1010;
19468 118014210 16;
19484 118028604 1008;
20492 118029613 18;
20510 118054279 1006;
21516 118055286 20;
21536 118061468 1004;
22540 118062473 22;
22562 118074819 1002;
23564 118075822 24;
23588 118085089 1000;
24588 118086090 26;
24614 118109737 998;
25612 118110736 28;
25640 118125142 996;
26636 118126139 30;
26666 118140547 994;
27660 118141542 32;
27692 118160060 992;
28684 118161053 34;
28718 118181627 990;
29708 118182618 36;
29744 118190870 988;
30732 118191859 38;
30770 118203194 986;
31756 118204181 40;
31796 118216545 972;
59:
0 117872640 12;
12 117872653 1024;
1036 117873679 1009;
2045 117877755 15;
2060 117877771 1011;
3071 117879809 13;
3084 117879823 1013;
4097 117881863 11;
4108 117881875 1024;
5132 117882900 1017;
6149 117884944 7;
6156 117884952 1019;
7175 117886998 5;
7180 117887004 1021;
8201 117890079 3;
8204 117890083 1023;
9227 117892133 1;
9228 117892135 1024;
10252 117894187 1024;
11276 117895212 2;
11278 117896241 1022;
12300 117897264 4;
12304 117898295 969;
13273 117932552 51;
13324 117932604 489;
13813 117941309 535;
14348 117941845 491;
14839 117951579 533;
15372 117952113 493;
15865 117965320 531;
16396 117965852 105;
16501 117973146 919;
17420 117974066 107;
17527 117999848 917;
18444 118000766 109;
18553 118019361 915;
19468 118020277 111;
19579 118039901 913;
20492 118040815 113;
20605 118069684 911;
21516 118070596 115;
21631 118080981 909;
22540 118081891 117;
22657 118090224 907;
23564 118091132 119;
23683 118111791 905;
24588 118112697 121;
24709 118133358 903;
25612 118134262 123;
25735 118143628 901;
26636 118144530 125;
26761 118158006 899;
27660 118158906 127;
27787 118180600 897;
28684 118181498 129;
28813 118199086 895;
29708 118199982 131;
29839 118210383 893;
30732 118211277 133;
30865 118222707 891;
31756 118223599 135;
31891 118225788 877;
11:
0 117915648 12;
12 117915661 1024;
1036 117916687 1024;
2060 117917712 1024;
3084 117918737 1024;
4108 117919762 1024;
5132 117920787 1024;
6156 117921812 1024;
7180 117922837 1024;
8204 117923862 1024;
9228 117924887 1024;
10252 117925912 1019;
11271 117927958 5;
11276 117927964 1021;
12297 117935147 3;
12300 117935151 1023;
13323 117944390 1;
13324 117944392 1024;
14348 117948498 1024;
15372 117949523 2;
15374 117971092 1022;
16396 117972115 4;
16400 117984443 1020;
17420 117985464 6;
17426 118002929 1018;
18444 118003948 8;
18452 118014226 1016;
19468 118015243 10;
19478 118029631 705;
20183 118037847 309;
20492 118038157 717;
21209 118055306 307;
21516 118055614 719;
22235 118070711 305;
22540 118071017 721;
23261 118093305 303;
23564 118093609 723;
24287 118107683 301;
24588 118107985 725;
25313 118118980 299;
25612 118119280 727;
26339 118144655 297;
26636 118144953 729;
27365 118159033 295;
27660 118159329 731;
28391 118173411 293;
28684 118173705 733;
29417 118191897 291;
29708 118192189 735;
30443 118209356 289;
30732 118209646 737;
31469 118217572 287;
31756 118217860 739;
32495 118224761 273;
51:
0 117903360 12;
12 117903373 1024;
1036 117904399 1024;
2060 117905424 1024;
3084 117906449 1024;
4108 117907474 1024;
5132 117908499 1024;
6156 117909524 1024;
7180 117910549 1024;
8204 117911574 1024;
9228 117912599 1024;
10252 117913624 1024;
11276 117914649 999;
12275 117926931 25;
12300 117926957 1001;
13301 117938228 23;
13324 117938252 1003;
14327 117953633 21;
14348 117953655 1005;
15353 117966984 19;
15372 117967004 1007;
16379 117988551 17;
16396 117988569 1009;
17405 117995740 15;
17420 117995756 1011;
18431 118022442 13;
18444 118022456 1013;
19457 118035793 11;
19468 118035805 1015;
20483 118042982 9;
20492 118042992 1017;
21509 118068657 7;
21516 118068665 1019;
22535 118077900 5;
22540 118077906 1021;
23561 118097413 3;
23564 118097417 1023;
24587 118115899 1;
24588 118115901 1024;
25612 118131304 1024;
26636 118132329 2;
26638 118151844 1022;
27660 118152867 4;
27664 118172384 1020;
28684 118173405 6;
28690 118186762 1018;
29708 118187781 8;
29716 118194690 6;
29722 118208329 1010;
30732 118209340 16;
30748 118220653 1008;
31756 118221662 1012;
4:
0 118180571 1;
1 118226831 8;
9 118226871 3;
12 118226875 44;
56 118227850 64;
120 118228954 128;
248 118232066 256;
504 118243064 512;
1016 118254587 20;
1036 118254609 1002;
2038 118260226 6;
2044 118284325 16;
2060 118284342 1010;
3070 118313024 14;
3084 118313039 1012;
4096 118352894 12;
4108 118352907 1014;
5122 118358530 6;
5128 118373419 4;
5132 118373424 1022;
6154 118408257 2;
6156 118408260 1024;
7180 118424067 5;
7185 118454270 1019;
8204 118455290 7;
8211 118481932 1017;
9228 118482950 9;
9237 118524036 1015;
10252 118525052 11;
10263 118557927 1013;
11276 118558941 13;
11289 118593872 1011;
12300 118594884 15;
12315 118626736 1009;
13324 118627746 17;
13341 118651384 1007;
14348 118652392 19;
14367 118693491 1005;
15372 118694497 21;
15393 118733544 1003;
16396 118734548 23;
16419 118760246 1001;
17420 118761248 25;
17445 118795164 999;
18444 118796164 27;
18471 118831109 997;
19468 118832107 29;
19497 118865000 995;
20492 118865996 31;
20523 118899918 993;
21516 118900912 33;
21549 118921485 991;
22540 118922477 35;
22575 118961538 989;
23564 118962528 37;
23601 118995429 987;
24588 118996417 39;
24627 119049860 985;
25612 119050846 41;
25653 119091967 983;
26636 119092951 43;
26679 119117642 981;
27660 119118624 45;
27705 119143317 979;
28684 119144297 47;
28731 119165911 977;
29708 119166889 49;
29757 119197748 975;
30732 119198724 51;
30783 119224450 973;
31756 119225424 53;
31809 119257314 959;
5:
0 118129154 6;
6 118161922 6;
12 118226816 15;
27 118226839 32;
59 118228106 64;
123 118228770 128;
251 118239736 256;
507 118246648 512;
1019 118269953 17;
1036 118269972 1005;
2041 118296592 19;
2060 118296612 1007;
3067 118324321 17;
3084 118324339 909;
3993 118344702 115;
4108 118344818 911;
5019 118370338 113;
5132 118370452 913;
6045 118397987 111;
6156 118398099 915;
7071 118439994 109;
7180 118440104 917;
8097 118488094 107;
8204 118488202 886;
9090 118515820 138;
9228 118515959 888;
10116 118538414 136;
10252 118538551 890;
11142 118578467 134;
11276 118578602 892;
12168 118596953 132;
12300 118597086 894;
13194 118623655 130;
13324 118623786 896;
14220 118643168 128;
14348 118643297 898;
15246 118675005 126;
15372 118675132 900;
16272 118706842 124;
16396 118706967 902;
17298 118749976 122;
17420 118750099 904;
18324 118778732 120;
18444 118778853 906;
19350 118796191 118;
19468 118796310 908;
20376 118827001 116;
20492 118827118 910;
21402 118855757 114;
21516 118855872 912;
22428 118887594 112;
22540 118887707 914;
23454 118916350 110;
23564 118916461 916;
24480 118959484 108;
24588 118959593 918;
25506 119000564 106;
25612 119000671 920;
26532 119028293 104;
26636 119028398 922;
27558 119057049 102;
27660 119057152 924;
28584 119076562 100;
28684 119076663 926;
29610 119109426 98;
29708 119109525 928;
30636 119148452 96;
30732 119148549 930;
31662 119181316 94;
31756 119181411 932;
32688 119209045 80;
7:
0 118226919 12;
12 118226932 11;
23 118227458 32;
55 118228042 64;
119 118228410 128;
247 118231810 256;
503 118234626 510;
1013 118247160 23;
1036 118247185 999;
2035 118294538 25;
2060 118294564 1001;
3061 118316105 23;
3084 118316129 1003;
4087 118348807 21;
4108 118348829 995;
5103 118385666 29;
5132 118385696 997;
6129 118428697 27;
6156 118428725 999;
7155 118472177 25;
7180 118472203 1001;
8181 118489602 6;
8187 118519928 17;
8204 118519946 1009;
9213 118550738 15;
9228 118550754 1011;
10239 118588737 13;
10252 118588751 1013;
11265 118638033 11;
11276 118638045 1015;
12291 118659600 9;
12300 118659610 1017;
13317 118701707 7;
13324 118701715 1019;
14343 118737652 5;
14348 118737658 1021;
15369 118765381 3;
15372 118765385 1023;
16395 118799272 1;
16396 118799274 1024;
17420 118858838 1024;
18444 118859863 2;
18446 118897864 1022;
19468 118898887 4;
19472 118919431 1020;
20492 118920452 6;
20498 118953322 1018;
21516 118954341 8;
21524 118981128 950;
22474 119004672 66;
22540 119004739 960;
23500 119038563 64;
23564 119038628 962;
24526 119069373 62;
24588 119069436 964;
25552 119106345 60;
25612 119106406 966;
26578 119112194 6;
26584 119146398 52;
26636 119146451 974;
27610 119166938 50;
27660 119166989 976;
28636 119190559 48;
28684 119190608 978;
29662 119212126 46;
29708 119212173 980;
30688 119235747 44;
30732 119235792 982;
31714 119258341 42;
31756 119258384 984;
32740 119272719 28;
6:
0 118226943 1;
1 118227490 11;
12 118227502 44;
56 118227786 64;
120 118228170 128;
248 118230154 256;
504 118236664 512;
1016 118257656 20;
1036 118257678 1002;
2038 118291457 22;
2060 118291480 1000;
3060 118317132 24;
3084 118317157 1002;
4086 118339076 22;
4108 118339099 1004;
5112 118386693 20;
5132 118386714 1006;
6138 118420481 18;
6156 118420500 1008;
7164 118444102 16;
7180 118444119 1010;
8190 118468069 14;
8204 118468084 1012;
9216 118498361 12;
9228 118498374 1014;
10242 118545603 10;
10252 118545614 1016;
11268 118579494 8;
11276 118579503 1018;
12294 118587906 6;
12300 118627764 1024;
13324 118628789 1;
13325 118660627 1023;
14348 118661651 3;
14351 118689383 1021;
15372 118690405 5;
15377 118703761 1019;
16396 118704781 7;
16403 118727382 1017;
17420 118728400 9;
17429 118759219 1015;
18444 118760235 11;
18455 118792083 1013;
19468 118793097 13;
19481 118819812 1011;
20492 118820824 15;
20507 118850056 566;
21073 118852676 443;
21516 118853120 583;
22099 118878351 441;
22540 118878793 585;
23125 118915592 439;
23564 118916032 318;
23882 118934836 706;
24588 118935543 320;
24908 118982078 704;
25612 118982783 322;
25934 119019050 702;
26636 119019753 324;
26960 119060130 700;
27660 119060831 326;
27986 119089913 698;
28684 119090612 328;
29012 119120723 696;
29708 119121420 330;
30038 119160776 694;
30732 119161471 332;
31064 119195694 692;
31756 119196387 334;
32090 119223423 678;
15:
0 118227546 12;
12 118227559 11;
23 118227578 32;
55 118227722 64;
119 118229266 128;
247 118231298 256;
503 118236152 512;
1015 118244600 21;
1036 118244623 1001;
2037 118272004 23;
2060 118272028 1003;
3063 118293511 21;
3084 118293533 1005;
4089 118311997 19;
4108 118312017 1007;
5115 118334456 17;
5132 118334474 1009;
6141 118367257 15;
6156 118367273 1011;
7167 118401068 13;
7180 118401082 1013;
8193 118429724 11;
8204 118429736 1015;
9219 118462486 9;
9228 118462496 1017;
10245 118504523 7;
10252 118504531 1019;
11271 118537387 5;
11276 118537393 1021;
12297 118586683 3;
12300 118586687 705;
13005 118602088 319;
13324 118602408 707;
14031 118628790 317;
14348 118629108 709;
15057 118668843 315;
15372 118669159 711;
16083 118698626 313;
16396 118698940 713;
17109 118736625 311;
17420 118736937 715;
18135 118779759 309;
18444 118780069 717;
19161 118811596 307;
19468 118811904 719;
20187 118847541 305;
20492 118847847 721;
21213 118871162 303;
21516 118871466 723;
22239 118912242 301;
22540 118912544 725;
23265 118950241 299;
23564 118950541 727;
24291 118991321 297;
24588 118991619 729;
25317 119016996 295;
25612 119017292 731;
26343 119062184 293;
26636 119062478 733;
27369 119095048 291;
27660 119095340 735;
28395 119118669 289;
28684 119118959 737;
29421 119151533 287;
29708 119151821 739;
30447 119175154 285;
30732 119175440 741;
31473 119198775 283;
31756 119199059 743;
32499 119226504 269;
14:
0 118227570 8;
8 118227610 4;
12 118227615 107;
119 118227914 128;
247 118229834 256;
503 118241016 512;
1015 118253563 21;
1036 118253586 1001;
2037 118281244 23;
2060 118281268 1003;
3063 118308916 21;
3084 118308938 1005;
4089 118343675 19;
4108 118343695 1007;
5115 118383612 17;
5132 118383630 1009;
6141 118412347 15;
6156 118412363 1011;
7167 118463577 13;
7180 118463591 1013;
8193 118499388 11;
8204 118499400 1015;
9219 118535333 9;
9228 118535343 1017;
10245 118571278 7;
10252 118571286 1019;
11271 118599007 5;
11276 118599013 1021;
12297 118625709 3;
12300 118625713 1023;
13323 118663708 1;
13324 118663710 1024;
14348 118685275 421;
14769 118686216 86;
14855 118695545 517;
15372 118696063 509;
15881 118721220 515;
16396 118721736 511;
16907 118748949 513;
17420 118749463 513;
17933 118780786 511;
18444 118781298 515;
18959 118809542 509;
19468 118810052 517;
19985 118838298 507;
20492 118838806 519;
21011 118873216 505;
21516 118873722 521;
22037 118889648 503;
22540 118890152 523;
23063 118915586 6;
23069 118935863 495;
23564 118936359 531;
24095 118969754 493;
24588 118970248 533;
25121 118989267 491;
25612 118989759 535;
26147 119013915 489;
26636 119014405 537;
27173 119067319 487;
27660 119067807 539;
28199 119114561 485;
28684 119115047 541;
29225 119147425 483;
29708 119147909 543;
30251 119187478 481;
30732 119187960 545;
31277 119218288 479;
31756 119218768 547;
32303 119251152 465;
20:
0 118249472 12;
12 118249485 1024;
1036 118250511 1001;
2037 118267899 23;
2060 118267923 1003;
3063 118274058 21;
3084 118274080 1005;
4089 118290430 19;
4108 118290450 1007;
5115 118304808 17;
5132 118304826 1009;
6141 118320213 15;
6156 118320229 1011;
7167 118340103 13;
7180 118340117 1013;
8193 118374446 11;
8204 118374458 1015;
9219 118411320 9;
9228 118411330 1017;
10245 118456840 7;
10252 118456848 503;
10755 118473204 521;
11276 118473726 505;
11781 118525063 519;
12300 118525583 507;
12807 118562035 517;
13324 118562553 509;
13833 118594899 515;
14348 118595415 511;
14859 118621601 513;
15372 118622115 513;
15885 118661654 511;
16396 118662166 515;
16911 118692464 509;
17420 118692974 517;
17937 118731490 507;
18444 118731998 519;
18963 118771543 505;
19468 118772049 521;
19989 118793110 503;
20492 118793614 523;
21015 118828028 501;
21516 118828530 525;
22041 118856784 499;
22540 118857284 527;
23067 118892729 497;
23564 118893227 529;
24093 118925593 495;
24588 118926089 531;
25119 118955376 493;
25612 118955870 533;
26145 118975916 491;
26636 118976408 535;
27171 119009807 489;
27660 119010297 537;
28197 119051914 487;
28684 119052402 539;
29223 119084778 485;
29708 119085264 541;
30249 119112507 483;
30732 119112991 543;
31275 119145371 481;
31756 119145853 545;
32301 119173100 467;
23:
0 118255616 12;
12 118255629 1024;
1036 118256655 1001;
2037 118273031 23;
2060 118273055 1003;
3063 118285352 21;
3084 118285374 962;
4046 118315078 62;
4108 118315141 964;
5072 118363149 60;
5132 118363210 966;
6098 118391298 6;
6104 118400041 52;
6156 118400094 974;
7130 118430751 50;
7180 118430802 976;
8156 118465759 48;
8204 118465808 978;
9182 118492199 46;
9228 118492246 980;
10208 118530198 44;
10252 118530243 982;
11234 118564089 42;
11276 118564132 984;
12260 118584629 40;
12300 118584670 986;
13286 118617493 38;
13324 118617532 988;
14312 118646249 36;
14348 118646286 990;
15338 118678086 34;
15372 118678121 992;
16364 118711977 32;
16396 118712010 994;
17390 118746895 30;
17420 118746926 996;
18416 118772570 28;
18444 118772599 998;
19442 118803380 26;
19468 118803407 1000;
20468 118843433 24;
20492 118843458 1002;
21494 118882824 22;
21516 118882847 639;
22155 118902999 385;
22540 118903385 641;
23181 118947160 383;
23564 118947544 296;
23860 118963592 728;
24588 118964321 298;
24886 118998510 726;
25612 118999237 300;
25912 119025212 724;
26636 119025937 302;
26938 119047806 722;
27660 119048529 304;
27964 119086832 720;
28684 119087553 306;
28990 119122777 718;
29708 119123496 308;
30016 119157695 716;
30732 119158412 310;
31042 119186451 714;
31756 119187166 312;
32068 119227531 700;
30:
0 118286336 12;
12 118286349 1024;
1036 118287375 1024;
2060 118288400 1003;
3063 118303781 21;
3084 118303803 1005;
4089 118323294 19;
4108 118323314 1007;
5115 118336510 17;
5132 118336528 1009;
6141 118364176 15;
6156 118364192 1011;
7167 118387720 13;
7180 118387734 1013;
8193 118405176 11;
8204 118405188 1015;
9219 118434859 9;
9228 118434869 1017;
10245 118477824 7;
10252 118477832 1019;
11271 118532252 5;
11276 118532258 1021;
12297 118569224 3;
12300 118569228 1023;
13323 118603115 1;
13324 118603117 1024;
14348 118653448 1017;
15365 118680140 7;
15372 118680148 1019;
16391 118713004 5;
16396 118713010 1021;
17417 118745868 3;
17420 118745872 1023;
18443 118787975 1;
18444 118787977 1024;
19468 118812623 1024;
20492 118813648 2;
20494 118850622 1022;
21516 118851645 4;
21520 118872189 1020;
22540 118873210 6;
22546 118906080 1018;
23564 118907099 8;
23572 118951268 1016;
24588 118952285 10;
24598 118990294 1014;
25612 118991309 12;
25624 119011861 1012;
26636 119012874 14;
26650 119056022 1010;
27660 119057033 16;
27676 119092994 1008;
28684 119094003 18;
28702 119129966 1006;
29708 119130973 20;
29728 119159749 1004;
30732 119160754 22;
30754 119182343 1002;
31756 119183346 24;
31780 119214180 988;
29:
0 118263808 12;
12 118263821 1024;
1036 118264847 1001;
2037 118275085 23;
2060 118275109 1003;
3063 118310970 21;
3084 118310992 1005;
4089 118342648 19;
4108 118342668 1007;
5115 118369311 17;
5132 118369329 1009;
6141 118404149 15;
6156 118404165 1011;
7167 118433832 13;
7180 118433846 1013;
8193 118467042 11;
8204 118467054 1015;
9219 118496307 9;
9228 118496317 1017;
10245 118512739 7;
10252 118512747 1019;
11271 118556900 5;
11276 118556906 1021;
12297 118583602 3;
12300 118583606 1023;
13323 118618520 1;
13324 118618522 1024;
14348 118645222 1024;
15372 118646247 2;
15374 118684248 1022;
16396 118685271 4;
16400 118714031 1020;
17420 118715052 6;
17426 118751003 229;
17655 118751752 278;
17933 118758192 511;
18444 118758704 515;
18959 118786948 509;
19468 118787458 517;
19985 118830082 507;
20492 118830590 519;
21011 118868081 505;
21516 118868587 521;
22037 118882818 6;
22043 118904026 497;
22540 118904524 529;
23069 118946133 495;
23564 118946629 531;
24095 118986186 493;
24588 118986680 533;
25121 119031374 491;
25612 119031866 535;
26147 119064238 489;
26636 119064728 537;
27173 119082724 487;
27660 119083212 539;
28199 119116615 485;
28684 119117101 541;
29225 119134074 483;
29708 119134558 543;
30251 119144962 6;
30257 119174127 475;
30732 119174603 551;
31283 119196721 473;
31756 119197195 553;
32309 119217261 459;
39:
0 118228298 12;
12 118228311 43;
55 118228706 64;
119 118229458 128;
247 118233602 256;
503 118237176 512;
1015 118239992 21;
1036 118240015 1001;
2037 118266872 23;
2060 118266896 1003;
3063 118279190 21;
3084 118279212 1005;
4089 118283298 19;
4108 118283318 1007;
5115 118307889 17;
5132 118307907 1009;
6141 118325768 15;
6156 118325784 591;
6747 118329760 433;
7180 118330194 593;
7773 118359047 431;
8204 118359479 595;
8799 118391828 429;
9228 118392258 597;
9825 118414401 427;
10252 118414829 531;
10783 118435886 493;
11276 118436380 533;
11809 118456834 6;
11815 118474743 485;
12300 118475229 541;
12841 118507604 483;
13324 118508088 543;
13867 118522370 6;
13873 118534306 475;
14348 118534782 551;
14899 118582575 473;
15372 118583049 553;
15925 118615439 471;
16396 118615911 555;
16951 118647276 469;
17420 118647746 557;
17977 118679113 467;
18444 118679581 559;
19003 118686210 6;
19009 118704788 459;
19468 118705248 567;
20035 118743814 457;
20492 118744272 569;
21061 118770516 455;
21516 118770972 571;
22087 118801326 453;
22540 118801780 573;
23113 118848568 451;
23564 118849020 516;
24080 118875270 508;
24588 118875779 518;
25106 118911215 506;
25612 118911722 520;
26132 118940998 504;
26636 118941503 522;
27158 118973862 502;
27660 118974365 524;
28184 119022131 500;
28684 119022632 526;
29210 119032401 498;
29708 119032900 528;
30236 119071427 496;
30732 119071924 530;
31262 119102237 494;
31756 119102732 532;
32288 119128939 480;
46:
0 118228594 12;
12 118228607 43;
55 118229138 64;
119 118229586 128;
247 118238968 256;
503 118245624 512;
1015 118262264 21;
1036 118262287 1001;
2037 118301727 23;
2060 118301751 1003;
3063 118327514 21;
3084 118327536 1005;
4089 118333435 5;
4094 118355969 14;
4108 118355984 1012;
5120 118382585 12;
5132 118382598 1014;
6146 118421508 10;
6156 118421519 1016;
7172 118470123 8;
7180 118470132 1018;
8198 118497334 6;
8204 118497341 1020;
9224 118536360 4;
9228 118536365 1022;
10250 118576413 2;
10252 118576416 1024;
11276 118609278 1024;
12300 118610303 1;
12301 118644195 1023;
13324 118645219 3;
13327 118672951 1021;
14348 118673973 5;
14353 118700680 1019;
15372 118701700 7;
15379 118725328 1017;
16396 118726346 9;
16405 118764354 1015;
17420 118765370 11;
17431 118810569 1013;
18444 118811583 13;
18457 118837271 1011;
19468 118838283 15;
19483 118877324 1009;
20492 118878334 17;
20509 118898891 1007;
21516 118899899 19;
21535 118927647 1005;
22540 118928653 21;
22561 118971808 1003;
23564 118972812 23;
23587 118993375 1001;
24588 118994377 25;
24613 119021104 999;
25612 119022104 27;
25639 119054995 997;
26636 119055993 29;
26665 119085805 995;
27660 119086801 31;
27691 119119696 993;
28684 119120690 33;
28717 119144344 104;
28821 119144968 403;
29224 119156668 484;
29708 119157153 542;
30250 119185424 482;
30732 119185907 544;
31276 119220342 480;
31756 119220823 546;
32302 119243963 466;
47:
0 118228354 12;
12 118228367 43;
55 118229202 64;
119 118230986 128;
247 118233346 256;
503 118255611 5;
508 118259704 8;
516 118263288 512;
1028 118277139 8;
1036 118277149 1014;
2050 118305835 10;
2060 118305846 1016;
3076 118328541 8;
3084 118328550 1018;
4102 118350840 6;
4108 118350847 1020;
5128 118384639 4;
5132 118384644 1022;
6154 118422535 2;
6156 118422538 1014;
7170 118460432 10;
7180 118460443 1016;
8196 118489608 8;
8204 118489617 531;
8735 118518901 493;
9228 118519395 533;
9761 118555144 491;
10252 118555636 237;
10489 118566143 787;
11276 118566931 239;
11515 118589764 785;
12300 118590550 241;
12541 118614412 783;
13324 118615196 243;
13567 118650357 781;
14348 118651139 245;
14593 118687329 779;
15372 118688109 247;
15619 118723274 777;
16396 118724052 249;
16645 118776678 775;
17420 118777454 251;
17671 118784514 6;
17677 118814677 767;
18444 118815445 259;
18703 118845487 765;
19468 118846253 261;
19729 118883486 763;
20492 118884250 263;
20755 118924566 761;
21516 118925328 265;
21781 118952295 759;
22540 118953055 267;
22807 118983105 757;
23564 118983863 269;
23833 119024185 755;
24588 119024941 271;
24859 119042671 753;
25612 119043425 273;
25885 119080670 751;
26636 119081422 275;
26911 119107372 749;
27660 119108122 277;
27937 119139209 747;
28684 119139957 279;
28963 119208018 745;
29708 119208764 281;
29989 119238828 743;
30732 119239572 283;
31015 119262449 741;
31756 119263191 285;
32041 119273746 727;
45:
0 118228538 12;
12 118228551 43;
55 118229394 64;
119 118230602 128;
247 118232962 256;
503 118233858 512;
1015 118263800 8;
1023 118265848 13;
1036 118265863 1009;
2045 118297619 15;
2060 118297635 1011;
3071 118325762 6;
3077 118331896 7;
3084 118331904 1019;
4103 118388747 5;
4108 118388753 1021;
5129 118406203 3;
5132 118406207 1023;
6155 118443075 1;
6156 118443077 1024;
7180 118471150 1024;
8204 118472175 2;
8206 118495280 1022;
9228 118496303 4;
9232 118514793 1020;
10252 118515814 6;
10258 118542522 1018;
11276 118543541 8;
11284 118585656 1016;
12300 118586673 10;
12310 118633925 1014;
13324 118634940 12;
13336 118667816 1012;
14348 118668829 14;
14362 118710950 1010;
15372 118711961 16;
15388 118735598 1008;
16396 118736607 18;
16414 118773597 1006;
17420 118774604 20;
17440 118808515 1004;
18444 118809520 22;
18466 118839325 1002;
19468 118840328 24;
19492 118870135 1000;
20492 118871136 26;
20518 118891702 998;
21516 118892701 28;
21544 118929701 996;
22540 118930698 30;
22570 118962565 994;
23564 118963560 32;
23596 119006726 992;
24588 119007719 34;
24622 119037536 990;
25612 119038527 36;
25648 119070400 988;
26636 119071389 38;
26674 119111480 200;
26874 119112200 307;
27181 119132020 479;
27660 119132500 547;
28207 119176181 477;
28684 119176659 549;
29233 119206991 475;
29708 119207467 551;
30259 119232666 473;
30732 119233140 553;
31285 119244990 471;
31756 119245462 555;
32311 119268611 457;
52:
0 118228650 12;
12 118228663 43;
55 118230410 64;
119 118233218 128;
247 118238712 256;
503 118246136 512;
1015 118260232 21;
1036 118260255 985;
2021 118282271 39;
2060 118282311 987;
3047 118300700 37;
3084 118300738 989;
4073 118322267 35;
4108 118322303 991;
5099 118347780 33;
5132 118347814 993;
6125 118371365 31;
6156 118371397 995;
7151 118396960 29;
7180 118396990 997;
8177 118413374 27;
8204 118413402 999;
9203 118455297 25;
9228 118455323 997;
10225 118485013 27;
10252 118485041 999;
11251 118510685 25;
11276 118510711 1001;
12277 118553819 23;
12300 118553843 781;
13081 118581548 243;
13324 118581792 783;
14107 118611331 241;
14348 118611573 785;
15133 118648303 239;
15372 118648543 787;
16159 118677059 237;
16396 118677297 789;
17185 118708896 235;
17420 118709132 791;
18211 118741760 233;
18444 118741994 793;
19237 118774624 231;
19468 118774856 795;
20263 118806461 229;
20492 118806691 797;
21289 118844460 227;
21516 118844688 799;
22315 118863973 225;
22540 118864199 801;
23341 118900945 223;
23564 118901169 803;
24367 118920458 221;
24588 118920680 805;
25393 118960511 219;
25612 118960731 807;
26419 119014942 217;
26636 119015160 809;
27445 119046779 215;
27660 119046995 811;
28471 119083751 213;
28684 119083965 813;
29497 119133047 211;
29708 119133259 815;
30523 119152560 209;
30732 119152770 817;
31549 119167965 207;
31756 119168173 819;
32575 119183370 193;
37:
0 118228898 12;
12 118228911 43;
55 118229770 64;
119 118230474 128;
247 118230730 256;
503 118235640 512;
1015 118249211 21;
1036 118249234 238;
1274 118261240 786;
2060 118262027 237;
2297 118270977 787;
3084 118271765 239;
3323 118295565 785;
4108 118296351 241;
4349 118309943 783;
5132 118310727 243;
5375 118319186 781;
6156 118319968 245;
6401 118351867 779;
7180 118352647 247;
7427 118366230 777;
8204 118367008 249;
8453 118391304 524;
8977 118399014 251;
9228 118399266 775;
10003 118432805 249;
10252 118433055 777;
11029 118464604 247;
11276 118464852 779;
12055 118505550 245;
12300 118505796 781;
13081 118543549 243;
13324 118543793 783;
14107 118573332 241;
14348 118573574 785;
15133 118601061 239;
15372 118601301 787;
16159 118629817 237;
16396 118630055 789;
17185 118657546 235;
17420 118657782 791;
18211 118690410 233;
18444 118690644 793;
19237 118739706 231;
19468 118739938 795;
20263 118769489 229;
20492 118769719 797;
21289 118791056 227;
21516 118791284 799;
22315 118825974 225;
22540 118826200 801;
23341 118869108 223;
23564 118869332 803;
24367 118910188 221;
24588 118910410 805;
25393 118948360 219;
25612 118948580 634;
26246 118966673 390;
26636 118967064 636;
27272 118988240 388;
27660 118988629 638;
28298 119008780 386;
28684 119009167 640;
29324 119041644 384;
29708 119042029 642;
30350 119074508 382;
30732 119074891 644;
31376 119099156 380;
31756 119099537 646;
32402 119136128 366;
44:
0 118229082 12;
12 118229095 43;
55 118230090 64;
119 118231170 128;
247 118234370 256;
503 118241528 512;
1015 118258680 21;
1036 118258703 1001;
2037 118298646 23;
2060 118298670 1003;
3063 118326487 21;
3084 118326509 1005;
4089 118358536 19;
4108 118358556 491;
4599 118372392 533;
5132 118372926 493;
5625 118402095 531;
6156 118402627 495;
6651 118437940 529;
7180 118438470 497;
7677 118486040 527;
8204 118486568 499;
8703 118523009 525;
9228 118523535 501;
9729 118570251 523;
10252 118570775 503;
10755 118607223 521;
11276 118607745 505;
11781 118630844 519;
12300 118631364 507;
12807 118664735 517;
13324 118665253 509;
13833 118683221 515;
14348 118683737 511;
14859 118722247 513;
15372 118722761 513;
15885 118744841 511;
16396 118745353 515;
16911 118782840 509;
17420 118783350 517;
17937 118807488 507;
18444 118807996 519;
18963 118835217 505;
19468 118835723 521;
19989 118879378 503;
20492 118879882 523;
21015 118909161 501;
21516 118909663 525;
22041 118933809 499;
22540 118934309 527;
23067 118948354 6;
23073 118967700 491;
23564 118968192 535;
24099 118994402 489;
24588 118994892 537;
25125 119034455 487;
25612 119034943 539;
26151 119073481 485;
26636 119073967 541;
27177 119115588 483;
27660 119116072 543;
28203 119162830 481;
28684 119163312 545;
29229 119191586 479;
29708 119192066 547;
30255 119215207 477;
30732 119215685 549;
31281 119236774 475;
31756 119237250 551;
32307 119259368 461;
63:
0 118231114 12;
12 118231127 43;
55 118231554 64;
119 118231682 128;
247 118232450 256;
503 118237688 512;
1015 118243576 21;
1036 118243599 1001;
2037 118252536 23;
2060 118252560 1003;
3063 118276112 21;
3084 118276134 1005;
4089 118289403 19;
4108 118289423 1007;
5115 118292994 6;
5121 118306862 11;
5132 118306874 1015;
6147 118321240 9;
6156 118321250 1017;
7173 118335483 7;
7180 118335491 1019;
8199 118368284 5;
8204 118368290 1021;
9225 118409284 3;
9228 118409288 1023;
10251 118459405 1;
10252 118459407 1024;
11276 118493226 1024;
12300 118494251 2;
12302 118522376 633;
12935 118533279 389;
13324 118533669 637;
13961 118563062 387;
14348 118563450 639;
14987 118606196 385;
15372 118606582 641;
16013 118640087 383;
16396 118640471 643;
17039 118682194 381;
17420 118682576 645;
18065 118709923 379;
18444 118710303 647;
19091 118747922 377;
19468 118748300 649;
20117 118781813 375;
20492 118782189 651;
21143 118817758 373;
21516 118818132 653;
22169 118840352 371;
22540 118840724 655;
23195 118876297 369;
23564 118876667 657;
24221 118907107 367;
24588 118907475 659;
25247 118938944 365;
25612 118939310 661;
26273 118968727 363;
26636 118969091 663;
27299 118999537 361;
27660 118999899 665;
28325 119027266 359;
28684 119027626 667;
29351 119063211 357;
29708 119063569 669;
30377 119088886 355;
30732 119089242 671;
31403 119124831 353;
31756 119125185 673;
32429 119179262 339;
60:
0 118235136 12;
12 118235149 491;
503 118238200 512;
1015 118242040 21;
1036 118242063 1001;
2037 118248184 23;
2060 118248208 1003;
3063 118278163 21;
3084 118278185 1005;
4089 118293000 19;
4108 118293020 491;
4599 118302754 533;
5132 118303288 493;
5625 118314051 531;
6156 118314583 495;
6651 118337537 529;
7180 118338067 497;
7677 118361098 527;
8204 118361626 499;
8703 118393879 525;
9228 118394405 501;
9729 118419454 523;
10252 118419978 503;
10755 118458378 521;
11276 118458900 505;
11781 118480905 519;
12300 118481425 507;
12807 118503496 517;
13324 118504014 509;
13833 118552792 515;
14348 118553308 511;
14859 118592845 513;
15372 118593359 513;
15885 118635979 511;
16396 118636491 515;
16911 118665762 509;
17420 118666272 517;
17937 118691437 507;
18444 118691945 519;
18963 118728409 505;
19468 118728915 521;
19989 118762300 503;
20492 118762804 523;
21015 118798245 501;
21516 118798747 525;
22041 118824947 499;
22540 118825447 527;
23067 118867054 497;
23564 118867552 529;
24093 118896837 495;
24588 118897333 531;
25119 118930728 493;
25612 118931222 533;
26145 118970781 491;
26636 118971273 535;
27171 119015969 489;
27660 119016459 537;
28197 119050887 487;
28684 119051375 539;
29223 119078616 296;
29519 119079432 189;
29708 119079622 21;
29729 119096075 1003;
30732 119097079 23;
30755 119126885 1001;
31756 119127887 25;
31781 119153587 987;
55:
0 118229714 12;
12 118229727 43;
55 118231618 64;
119 118232322 128;
247 118232706 256;
503 118239224 512;
1015 118251512 21;
1036 118251535 1001;
2037 118268926 23;
2060 118268950 1003;
3063 118280217 21;
3084 118280239 1005;
4089 118299673 19;
4108 118299693 1007;
5115 118318159 17;
5132 118318177 1009;
6141 118346753 15;
6156 118346769 1011;
7167 118375473 13;
7180 118375487 961;
8141 118425616 63;
8204 118425680 963;
9167 118450174 2;
9169 118453243 59;
9228 118453303 967;
10195 118500415 57;
10252 118500473 969;
11221 118529171 55;
11276 118529227 971;
12247 118558954 53;
12300 118559008 973;
13273 118580521 51;
13324 118580573 975;
14299 118616466 49;
14348 118616516 977;
15325 118642141 47;
15372 118642189 979;
16351 118670897 45;
16396 118670943 981;
17377 118720193 43;
17420 118720237 983;
18403 118766408 41;
18444 118766450 985;
19429 118805434 39;
19468 118805474 987;
20455 118829055 37;
20492 118829093 989;
21481 118860892 35;
21516 118860928 991;
22507 118884513 33;
22540 118884547 993;
23533 118918404 31;
23564 118918436 995;
24559 118945106 29;
24588 118945136 997;
25585 118976943 27;
25612 118976971 999;
26611 119020077 25;
26636 119020103 1001;
27637 119059103 23;
27660 119059127 1003;
28663 119104291 21;
28684 119104313 1005;
29689 119141263 19;
29708 119141283 1007;
30715 119178235 17;
30732 119178253 1009;
31741 119213153 15;
31756 119213169 1011;
32767 119229585 1;
13:
0 118333440 12;
12 118333453 1003;
1015 118345729 21;
1036 118345752 1001;
2037 118389774 23;
2060 118389798 986;
3046 118431778 38;
3084 118431817 988;
4072 118482959 36;
4108 118482996 990;
5098 118506577 34;
5132 118506612 992;
6124 118544576 32;
6156 118544609 994;
7150 118575386 30;
7180 118575417 996;
8176 118613385 28;
8204 118613414 998;
9202 118641114 26;
9228 118641141 1000;
10228 118673978 24;
10252 118674003 1002;
11254 118715058 22;
11276 118715081 1004;
12280 118742787 20;
12300 118742808 1006;
13306 118763327 18;
13324 118763346 1008;
14332 118800299 16;
14348 118800316 1010;
15358 118851649 14;
15372 118851664 1012;
16384 118895810 12;
16396 118895823 1014;
17410 118917377 10;
17420 118917388 1016;
18436 118942025 8;
18444 118942034 1018;
19462 118965646 6;
19468 118965653 1020;
20488 118981122 4;
20492 118981127 1;
20493 119005699 1023;
21516 119006723 3;
21519 119035482 1021;
22540 119036504 5;
22545 119058076 1019;
23564 119059096 7;
23571 119079643 1017;
24588 119080661 9;
24597 119130993 1015;
25612 119132009 11;
25623 119154614 1013;
26636 119155628 13;
26649 119199802 1011;
27660 119200814 15;
27675 119233693 1009;
28684 119234703 17;
28701 119247044 1007;
29708 119248052 19;
29727 119265530 1005;
30732 119266536 21;
30753 119277854 1003;
31756 119278858 23;
31779 119289151 989;
12:
0 118331392 12;
12 118331405 491;
503 118338564 512;
1015 118362125 21;
1036 118362148 1001;
2037 118403122 23;
2060 118403146 1003;
3063 118441021 21;
3084 118441043 1005;
4089 118476797 19;
4108 118476817 1007;
5115 118501442 17;
5132 118501460 1009;
6141 118527117 15;
6156 118527133 1011;
7167 118555873 13;
7180 118555887 1013;
8193 118587912 11;
8204 118587924 813;
9017 118622628 211;
9228 118622840 815;
10043 118658573 209;
10252 118658783 817;
11069 118688356 207;
11276 118688564 819;
12095 118719166 205;
12300 118719372 821;
13121 118753057 203;
13324 118753261 823;
14147 118783867 133;
14280 118784520 68;
14348 118784589 305;
14653 118797218 719;
15372 118797938 307;
15679 118834190 717;
16396 118834908 309;
16705 118850050 6;
16711 118853703 709;
17420 118854413 317;
17737 118890675 707;
18444 118891383 319;
18763 118926620 705;
19468 118927326 321;
19789 118949214 703;
20492 118949918 323;
20815 119001591 701;
21516 119002293 325;
21841 119040617 699;
22540 119041317 327;
22867 119072454 697;
23564 119073152 329;
23893 119101210 695;
24588 119101906 331;
24919 119140236 693;
25612 119140930 333;
25945 119172073 691;
26636 119172765 335;
26971 119194667 689;
27660 119195357 337;
27997 119219315 687;
28684 119220003 339;
29023 119240882 685;
29708 119241568 341;
30049 119260395 683;
30732 119261079 343;
31075 119271692 681;
31756 119272374 345;
32101 119281962 667;
31:
0 118326431 12;
12 118326444 43;
55 118329568 192;
247 118330851 256;
503 118341130 502;
1005 118360074 31;
1036 118360107 991;
2027 118381558 33;
2060 118381592 993;
3053 118407230 31;
3084 118407262 995;
4079 118442048 29;
4108 118442078 997;
5105 118490148 27;
5132 118490176 999;
6131 118526090 25;
6156 118526116 1001;
7157 118549711 23;
7180 118549735 1003;
8183 118595926 21;
8204 118595948 1005;
9209 118619547 19;
9228 118619567 593;
9821 118634952 431;
10252 118635384 595;
10847 118653442 6;
10853 118681167 423;
11276 118681591 603;
11879 118724301 421;
12300 118724723 605;
12905 118757165 419;
13324 118757585 607;
13931 118785921 417;
14348 118786339 609;
14957 118822893 415;
15372 118823309 611;
15983 118859865 413;
16396 118860279 613;
17009 118905053 411;
17420 118905465 615;
18035 118939971 409;
18444 118940381 617;
19061 118984132 407;
19468 118984540 619;
20087 119018023 405;
20492 119018429 621;
21113 119061157 403;
21516 119061561 623;
22139 119097102 401;
22540 119097504 625;
23165 119121750 399;
23564 119122150 627;
24191 119161803 397;
24588 119162201 629;
25217 119180289 395;
25612 119180685 631;
26243 119201856 393;
26636 119202250 633;
27269 119237801 391;
27660 119238193 635;
28295 119256287 389;
28684 119256677 637;
29321 119269638 387;
29708 119270026 639;
30347 119285043 385;
30732 119285429 641;
31373 119296340 383;
31756 119296724 643;
32399 119300448 369;
36:
0 118326375 12;
12 118326388 43;
55 118330787 64;
119 118331107 285;
404 118332923 512;
916 118354945 120;
1036 118355067 902;
1938 118365203 122;
2060 118365326 904;
2964 118395933 120;
3084 118396054 906;
3990 118438967 118;
4108 118439086 908;
5016 118483986 116;
5132 118484103 910;
6042 118511712 114;
6156 118511827 912;
7068 118531225 112;
7180 118531338 914;
8094 118559981 110;
8204 118560092 916;
9120 118591818 108;
9228 118591927 918;
10146 118620680 106;
10252 118620787 814;
11066 118654465 210;
11276 118654676 816;
12092 118686302 208;
12300 118686511 818;
13118 118702734 206;
13324 118702941 820;
14144 118726355 204;
14348 118726560 822;
15170 118752030 202;
15372 118752233 824;
16196 118789002 200;
16396 118789203 826;
17222 118823920 198;
17420 118824119 828;
18248 118862946 196;
18444 118863143 830;
19274 118888621 194;
19468 118888816 832;
20300 118908134 192;
20492 118908327 834;
21326 118931755 190;
21516 118931946 836;
22352 118985159 188;
22540 118985348 838;
23378 119026239 186;
23564 119026426 840;
24404 119045752 184;
24588 119045937 207;
24795 119046664 115;
24910 119068346 702;
25612 119069049 324;
25936 119105318 700;
26636 119106019 326;
26962 119149479 698;
27660 119150178 328;
27988 119168992 696;
28684 119169689 330;
29014 119189532 694;
29708 119190227 332;
30040 119204937 692;
30732 119205630 334;
31066 119222396 690;
31756 119223087 336;
32092 119241909 676;
38:
0 118349824 12;
12 118349837 1003;
1015 118353921 21;
1036 118353944 1001;
2037 118379504 23;
2060 118379528 1003;
3063 118424072 21;
3084 118424094 495;
3579 118445129 529;
4108 118445659 421;
4529 118487067 603;
5132 118487671 423;
5555 118528144 601;
6156 118528746 425;
6581 118561008 599;
7180 118561608 427;
7607 118608250 597;
8204 118608848 429;
8633 118649330 595;
9228 118649926 431;
9659 118705815 593;
10252 118706409 433;
10685 118732517 591;
11276 118733109 435;
11711 118775651 589;
12300 118776241 437;
12737 118816731 37;
12774 118817288 470;
13244 118833163 80;
13324 118833244 946;
14270 118881432 78;
14348 118881511 793;
15141 118922512 231;
15372 118922744 795;
16167 118954349 229;
16396 118954579 797;
17193 118980024 227;
17420 118980252 356;
17776 118996456 668;
18444 118997125 358;
18802 119033428 666;
19468 119034095 360;
19828 119077589 664;
20492 119078254 362;
20854 119113534 662;
21516 119114197 364;
21880 119155641 660;
22540 119156302 366;
22906 119202883 658;
23564 119203542 368;
23932 119225477 656;
24588 119226134 370;
24958 119249098 654;
25612 119249753 372;
25984 119261422 652;
26636 119262075 374;
27010 119274773 650;
27660 119275424 96;
27756 119276034 6;
27762 119284016 922;
28684 119284939 104;
28788 119291205 920;
29708 119292126 106;
29814 119302502 918;
30732 119303421 108;
30840 119307637 651;
31491 119308808 265;
31756 119309074 1012;
28:
0 118341632 12;
12 118341645 1003;
1015 118356996 21;
1036 118357019 997;
2033 118380531 27;
2060 118380559 999;
3059 118436913 25;
3084 118436939 1001;
4085 118478851 23;
4108 118478875 1003;
5111 118513766 21;
5132 118513788 1005;
6137 118548684 19;
6156 118548704 1007;
7163 118572305 17;
7180 118572323 1009;
8189 118600034 15;
8204 118600050 1011;
9215 118639060 13;
9228 118639074 1013;
10241 118655492 11;
10252 118655504 1015;
11267 118696572 9;
11276 118696582 1017;
12293 118740733 7;
12300 118740741 1019;
13319 118784894 5;
13324 118784900 1021;
14345 118813650 3;
14348 118813654 1023;
15371 118817282 1;
15372 118817284 4;
15376 118841379 1020;
16396 118842400 6;
16402 118880405 1018;
17420 118881424 8;
17428 118923539 1016;
18444 118924556 10;
18454 118956403 1014;
19468 118957418 12;
19480 118978997 1012;
20492 118980010 14;
20506 119007753 1010;
21516 119008764 16;
21532 119052941 1008;
22540 119053950 18;
22558 119090940 1006;
23564 119091947 20;
23584 119127912 1004;
24588 119128917 22;
24610 119163857 1002;
25612 119164860 24;
25636 119192613 1000;
26636 119193614 26;
26662 119221369 998;
27660 119222368 28;
27688 119239855 996;
28684 119240852 30;
28714 119255260 994;
29708 119256255 32;
29740 119270665 992;
30732 119271658 34;
30766 119278881 990;
31756 119279872 36;
31792 119290178 976;
22:
0 118376504 12;
12 118376517 1024;
1036 118377543 1001;
2037 118394906 23;
2060 118394930 1003;
3063 118424589 21;
3084 118424611 1005;
4089 118479878 19;
4108 118479898 1007;
5115 118520955 17;
5132 118520973 883;
6015 118541495 141;
6156 118541637 885;
7041 118555138 6;
7047 118567170 133;
7180 118567304 893;
8073 118605169 131;
8204 118605301 895;
9099 118620674 6;
9105 118656519 123;
9228 118656643 903;
10131 118707869 121;
10252 118707991 905;
11157 118738679 119;
11276 118738799 907;
12183 118767435 117;
12300 118767553 909;
13209 118804407 115;
13324 118804523 911;
14235 118832136 113;
14348 118832250 913;
15261 118861919 111;
15372 118862031 915;
16287 118893756 109;
16396 118893866 917;
17313 118937917 107;
17420 118938025 919;
18339 118964619 105;
18444 118964725 921;
19365 118992348 103;
19468 118992452 923;
20391 119023158 101;
20492 119023260 925;
21417 119039590 99;
21516 119039690 927;
22443 119065265 97;
22540 119065363 929;
23469 119098129 95;
23564 119098225 931;
24495 119142290 93;
24588 119142384 933;
25521 119171046 91;
25612 119171138 935;
26547 119205964 89;
26636 119206054 937;
27573 119210498 6;
27579 119230612 81;
27660 119230694 945;
28605 119248071 79;
28684 119248151 947;
29631 119263476 77;
29708 119263554 949;
30657 119276827 75;
30732 119276903 951;
31683 119293259 73;
31756 119293333 953;
32709 119303529 59;
21:
0 118376448 12;
12 118376461 43;
55 118378544 960;
1015 118392855 21;
1036 118392878 1001;
2037 118426643 23;
2060 118426667 1003;
3063 118457351 21;
3084 118457373 1005;
4089 118494253 19;
4108 118494273 1007;
5115 118517874 17;
5132 118517892 1009;
6141 118551765 15;
6156 118551781 1011;
7167 118590791 13;
7180 118590805 1013;
8193 118624682 11;
8204 118624694 1015;
9219 118652411 9;
9228 118652421 507;
9735 118666789 517;
10252 118667307 509;
10761 118699653 515;
11276 118700169 511;
11787 118734571 513;
12300 118735085 513;
12813 118761273 511;
13324 118761785 515;
13839 118815704 509;
14348 118816214 517;
14865 118846514 507;
15372 118847022 519;
15891 118885540 505;
16396 118886046 521;
16917 118913269 503;
17420 118913773 523;
17943 118932782 501;
18444 118933284 525;
18969 118974889 499;
19468 118975389 527;
19995 119010834 497;
20492 119011332 529;
21021 119048833 495;
21516 119049329 531;
22047 119094021 493;
22540 119094515 533;
23073 119108399 491;
23564 119108891 535;
24099 119135101 489;
24588 119135591 537;
25125 119158722 487;
25612 119159210 539;
26151 119184397 485;
26636 119184883 541;
27177 119216234 483;
27660 119216718 543;
28203 119246017 481;
28684 119246499 545;
29229 119267584 479;
29708 119268064 547;
30255 119279908 477;
30732 119280386 549;
31281 119287097 475;
31756 119287573 551;
32307 119297367 461;
61:
0 118415360 12;
12 118415373 1024;
1036 118416399 1024;
2060 118417424 1024;
3084 118418449 1005;
4089 118427670 19;
4108 118427690 1007;
5115 118475770 17;
5132 118475788 1009;
6141 118509658 15;
6156 118509674 1011;
7167 118547657 13;
7180 118547671 1013;
8193 118568197 11;
8204 118568209 1015;
9219 118597980 9;
9228 118597990 1017;
10245 118632898 7;
10252 118632906 1019;
11271 118671924 5;
11276 118671930 1021;
12297 118694518 3;
12300 118694522 1023;
13323 118718139 1;
13324 118718141 323;
13647 118718984 182;
13829 118729436 519;
14348 118729956 507;
14855 118755111 517;
15372 118755629 509;
15881 118790029 515;
16396 118790545 511;
16907 118818785 513;
17420 118819299 513;
17933 118842406 511;
18444 118842918 515;
18959 118874243 509;
19468 118874753 517;
19985 118914296 507;
20492 118914804 268;
20760 118943052 756;
21516 118943809 270;
21786 118972835 754;
22540 118973590 272;
22812 119002618 752;
23564 119003371 274;
23838 119036509 750;
24588 119037260 276;
24864 119066292 748;
25612 119067041 278;
25890 119100183 746;
26636 119100930 280;
26916 119123804 744;
27660 119124549 282;
27942 119150506 742;
28684 119151249 284;
28968 119177208 8;
28976 119177736 499;
29475 119188505 233;
29708 119188739 793;
30501 119211099 231;
30732 119211331 795;
31527 119243272 229;
31756 119243502 461;
32217 119253206 551;
62:
0 118411264 12;
12 118411277 43;
55 118463513 64;
119 118465631 128;
247 118466786 256;
503 118474231 512;
1015 118491175 21;
1036 118491198 1001;
2037 118516847 23;
2060 118516871 1003;
3063 118546630 21;
3084 118546652 1005;
4089 118577440 19;
4108 118577460 1007;
5115 118612358 17;
5132 118612376 1009;
6141 118637006 15;
6156 118637022 1011;
7167 118669870 13;
7180 118669884 1013;
8193 118717112 11;
8204 118717124 1015;
9219 118756138 9;
9228 118756148 1017;
10245 118794137 7;
10252 118794145 1019;
11271 118821866 5;
11276 118821872 1021;
12297 118866027 3;
12300 118866031 1023;
13323 118886567 1;
13324 118886569 1024;
14348 118928674 1024;
15372 118929699 2;
15374 118957430 1022;
16396 118958453 4;
16400 118987213 1020;
17420 118988234 6;
17426 119012888 488;
17914 119013896 19;
17933 119030347 511;
18444 119030859 515;
18959 119053968 509;
19468 119054478 517;
19985 119087859 507;
20492 119088367 519;
21011 119125858 505;
21516 119126364 521;
22037 119193640 503;
22540 119194144 523;
23063 119210504 501;
23564 119211006 93;
23657 119228558 931;
24588 119229490 95;
24683 119252179 929;
25612 119253109 97;
25709 119264503 927;
26636 119265431 99;
26735 119280935 925;
27660 119281861 101;
27761 119288124 923;
28684 119289048 103;
28787 119295313 921;
29708 119296235 105;
29813 119299421 919;
30732 119300341 107;
30839 119304556 917;
31756 119305474 109;
31865 119306610 903;
53:
0 118446080 12;
12 118446093 1024;
1036 118447119 1024;
2060 118448144 1024;
3084 118449169 1005;
4089 118469096 19;
4108 118469116 1007;
5115 118508631 17;
5132 118508649 1009;
6141 118540468 15;
6156 118540484 1011;
7167 118565116 13;
7180 118565130 1013;
8193 118604142 11;
8204 118604154 1015;
9219 118631871 9;
9228 118631881 1017;
10245 118676032 7;
10252 118676040 1019;
11271 118716085 5;
11276 118716091 1021;
12297 118718978 3;
12300 118718982 2;
12302 118754084 1022;
13324 118755107 4;
13328 118777705 1020;
14348 118778726 6;
14354 118820839 1018;
15372 118821858 8;
15380 118854730 1016;
16396 118855747 10;
16406 118901972 1014;
17420 118902987 12;
17432 118944079 1012;
18444 118945092 14;
18458 118977970 1010;
19468 118978981 16;
19484 119003645 1008;
20492 119004654 18;
20510 119044725 1006;
21516 119045732 20;
21536 119081697 1004;
22540 119082702 22;
22562 119110453 1002;
23564 119111456 24;
23588 119137155 1000;
24588 119138156 26;
24614 119164884 998;
25612 119165883 28;
25640 119200829 996;
26636 119201826 30;
26666 119234720 994;
27660 119235715 32;
27692 119243266 6;
27698 119254233 986;
28684 119255220 40;
28724 119266557 984;
29708 119267542 42;
29750 119276040 787;
30537 119282989 195;
30732 119283185 831;
31563 119292232 193;
31756 119292426 833;
32589 119298394 179;
54:
0 118450176 12;
12 118450189 1024;
1036 118451215 1024;
2060 118452240 1003;
3063 118461459 21;
3084 118461481 1005;
4089 118502469 19;
4108 118502489 1007;
5115 118539441 17;
5132 118539459 1009;
6141 118574359 15;
6156 118574375 1011;
7167 118610304 13;
7180 118610318 1013;
8193 118662681 11;
8204 118662693 1015;
9219 118697599 9;
9228 118697609 1017;
10245 118730463 7;
10252 118730471 1019;
11271 118768462 5;
11276 118768468 1021;
12297 118802353 3;
12300 118802357 1023;
13323 118836244 1;
13324 118836246 1024;
14348 118857811 1024;
15372 118858836 2;
15374 118894783 1022;
16396 118895806 4;
16400 118936890 1020;
17420 118937911 6;
17426 118958457 1018;
18444 118959476 8;
18452 118997483 1016;
19468 118998500 10;
19478 119029320 1014;
20492 119030335 12;
20504 119043698 1012;
21516 119044711 14;
21530 119075535 1010;
22540 119076546 16;
22556 119103264 1008;
23564 119104273 18;
23582 119138182 1006;
24588 119139189 20;
24608 119170019 1004;
25612 119171024 22;
25634 119203910 1002;
26636 119204913 24;
26660 119231639 1000;
27660 119232640 26;
27686 119250125 998;
28684 119251124 28;
28712 119286070 996;
29708 119287067 30;
29738 119294286 994;
30732 119295281 32;
30764 119301475 992;
31756 119302468 34;
31790 119305583 978;
