0:
0 218316878 1;
1 218316885 3;
4 218316893 3;
7 218316908 5;
12 218316914 1024;
1036 218317940 1024;
2060 218318965 1024;
3084 218319990 1024;
4108 218321015 1024;
5132 218322040 904;
6036 218322952 120;
6156 218323073 1024;
7180 218324098 1024;
8204 218325123 1024;
9228 218326148 1024;
10252 218327173 1024;
11276 218328198 1024;
12300 218329223 1024;
13324 218330248 1024;
14348 218331273 1024;
15372 218332298 886;
16258 218333704 138;
16396 218333843 1024;
17420 218334868 1024;
18444 218335893 1024;
19468 218336918 1024;
20492 218337943 1024;
21516 218338968 1024;
22540 218339993 1024;
23564 218341018 1024;
24588 218342043 1024;
25612 218343068 1024;
26636 218344093 1024;
27660 218345118 1024;
28684 218346143 1024;
29708 218347168 1024;
30732 218348193 1024;
31756 218349218 1012;
8:
0 218312704 12;
12 218312717 1024;
1036 218313743 1001;
2037 218316792 8;
2045 218351963 15;
2060 218351979 1011;
3071 218358414 13;
3084 218358428 1013;
4097 218365079 11;
4108 218365091 861;
4969 218371241 163;
5132 218371405 863;
5995 218374322 161;
6156 218374484 865;
7021 218377403 159;
7180 218377563 867;
8047 218401024 157;
8204 218401182 869;
9073 218410267 155;
9228 218410423 871;
10099 218415402 153;
10252 218415556 873;
11125 218424645 151;
11276 218424797 875;
12151 218440050 149;
12300 218440200 877;
13177 218446212 147;
13324 218446360 879;
14203 218453401 145;
14348 218453547 881;
15229 218462644 143;
15372 218462788 883;
16255 218471887 141;
16396 218472029 885;
17281 218474968 139;
17420 218475108 887;
18307 218488319 137;
18444 218488457 889;
19333 218500643 135;
19468 218500779 891;
20359 218511940 133;
20492 218512074 893;
21385 218519129 131;
21516 218519261 895;
22411 218530426 129;
22540 218530556 897;
23437 218536588 127;
23564 218536716 899;
24463 218553020 125;
24588 218553146 901;
25489 218559182 123;
25612 218559306 903;
26515 218571506 121;
26636 218571628 905;
27541 218578695 119;
27660 218578815 907;
28567 218585353 117;
28684 218585471 909;
29593 218593040 115;
29708 218593156 911;
30619 218601253 113;
30732 218601367 913;
31645 218615620 111;
31756 218615732 915;
32671 218625873 97;
16:
0 218314752 12;
12 218314765 1024;
1036 218315791 1001;
2037 218360465 23;
2060 218360489 1003;
3063 218369187 21;
3084 218369209 1005;
4089 218375349 19;
4108 218375369 1007;
5115 218382538 17;
5132 218382556 1009;
6141 218385619 15;
6156 218385635 1011;
7167 218390754 13;
7180 218390768 1013;
8193 218402051 11;
8204 218402063 1015;
9219 218411294 9;
9228 218411304 1017;
10245 218417456 7;
10252 218417464 1019;
11271 218425672 5;
11276 218425678 1021;
12297 218439023 3;
12300 218439027 1023;
13323 218442104 1;
13324 218442106 1024;
14348 218450320 1024;
15372 218451345 2;
15374 218457509 1022;
16396 218458532 4;
16400 218470860 1020;
17420 218471881 6;
17426 218481130 1018;
18444 218482149 8;
18452 218484211 1016;
19468 218485228 10;
19478 218489346 1014;
20492 218490361 12;
20504 218497562 1012;
21516 218498575 14;
21530 218504751 1010;
22540 218505762 16;
22556 218518102 1008;
23564 218519111 18;
23582 218533507 1006;
24588 218534514 20;
24608 218544804 1004;
25612 218545809 22;
25634 218548912 1002;
26636 218549915 24;
26660 218556101 1000;
27660 218557102 26;
27686 218563290 998;
28684 218564289 28;
28712 218572533 996;
29708 218573530 30;
29738 218582803 994;
30732 218583798 32;
30764 218588943 992;
31756 218589936 34;
31790 218595094 234;
32024 218595848 273;
32297 218602280 471;
1:
0 218333698 6;
6 218350787 6;
12 218350794 233;
245 218351139 768;
1013 218356366 23;
1036 218356391 999;
2035 218366466 6;
2041 218368160 19;
2060 218368180 1007;
3067 218380484 17;
3084 218380502 1009;
4093 218388700 15;
4108 218388716 1011;
5119 218399997 13;
5132 218400011 1013;
6145 218412321 11;
6156 218412333 1015;
7171 218419510 9;
7180 218419520 1017;
8197 218423618 7;
8204 218423626 1019;
9223 218429780 5;
9228 218429786 1021;
10249 218432861 3;
10252 218432865 1023;
11275 218441077 1;
11276 218441079 1024;
12300 218448266 1024;
13324 218449291 2;
13326 218454428 1022;
14348 218455451 4;
14352 218458536 1020;
15372 218459557 6;
15378 218464776 949;
16327 218473941 69;
16396 218474011 957;
17353 218487292 67;
17420 218487360 959;
18379 218492427 65;
18444 218492493 961;
19405 218496535 63;
19468 218496599 425;
19893 218497544 18;
19911 218499616 581;
20492 218500198 445;
20937 218506805 579;
21516 218507385 447;
21963 218517075 577;
22540 218517653 449;
22989 218522210 575;
23564 218522786 451;
24015 218526318 573;
24588 218526892 453;
25041 218535561 571;
25612 218536133 455;
26067 218550966 569;
26636 218551536 457;
27093 218561236 567;
27660 218561804 459;
28119 218568425 565;
28684 218568991 461;
29145 218576641 563;
29708 218577205 463;
30171 218580749 561;
30732 218581311 465;
31197 218600226 559;
31756 218600786 467;
32223 218608442 545;
24:
0 218322946 6;
6 218351027 6;
12 218351034 105;
117 218352990 128;
245 218353310 256;
501 218353822 512;
1013 218354894 23;
1036 218354919 999;
2035 218361492 25;
2060 218361518 1001;
3061 218376376 23;
3084 218376400 1003;
4087 218379457 21;
4108 218379479 1005;
5113 218383565 19;
5132 218383585 1007;
6139 218387673 17;
6156 218387691 1009;
7165 218392808 15;
7180 218392824 1011;
8191 218395889 13;
8204 218395903 1013;
9217 218405132 11;
9228 218405144 1015;
10243 218413348 9;
10252 218413358 1017;
11269 218416429 7;
11276 218416437 1019;
12295 218426699 5;
12300 218426705 1021;
13321 218437996 3;
13324 218438000 1023;
14347 218445185 1;
14348 218445187 1024;
15372 218449293 1024;
16396 218450318 2;
16398 218459563 1022;
17420 218460586 4;
17424 218463671 585;
18009 218467779 435;
18444 218468215 591;
19035 218477022 433;
19468 218477456 593;
20061 218483184 431;
20492 218483616 595;
21087 218494481 429;
21516 218494911 597;
22113 218497538 6;
22119 218505778 421;
22540 218506200 605;
23145 218516048 419;
23564 218516468 607;
24171 218521183 417;
24588 218521601 609;
25197 218534534 415;
25612 218534950 611;
26223 218542750 413;
26636 218543164 613;
27249 218549939 411;
27660 218550351 615;
28275 218563074 6;
28281 218574587 403;
28684 218574991 623;
29307 218590026 401;
29708 218590428 625;
30333 218596121 399;
30732 218596521 627;
31359 218598172 397;
31756 218598570 629;
32385 218605361 383;
32:
0 218302464 12;
12 218302477 1024;
1036 218303503 1009;
2045 218304520 15;
2060 218304536 1024;
3084 218305561 1024;
4108 218306586 1024;
5132 218307611 997;
6129 218308609 27;
6156 218308637 1024;
7180 218309662 1024;
8204 218310687 1024;
9228 218311712 992;
10220 218314744 8;
10228 218399234 6;
10234 218421564 18;
10252 218421583 1008;
11260 218427726 16;
11276 218427743 1010;
12286 218433888 14;
12300 218433903 1012;
13312 218444158 12;
13324 218444171 1014;
14338 218456482 10;
14348 218456493 1016;
15364 218461617 8;
15372 218461626 1018;
16390 218469833 6;
16396 218469840 1020;
17416 218475995 4;
17420 218476000 1022;
18442 218486265 2;
18444 218486268 1024;
19468 218491401 1024;
20492 218492426 1;
20493 218502697 1023;
21516 218503721 3;
21519 218507832 1021;
22540 218508854 5;
22545 218512967 1019;
23564 218513987 7;
23571 218524264 1017;
24588 218525282 9;
24597 218528372 1015;
25612 218529388 11;
25623 218538642 1013;
26636 218539656 13;
26649 218547885 1011;
27660 218548897 15;
27675 218554047 1009;
28684 218555057 17;
28701 218557128 1007;
29708 218558136 19;
29727 218562263 297;
30024 218563080 210;
30234 218566371 498;
30732 218566870 528;
31260 218570479 496;
31756 218570976 530;
32286 218577668 482;
40:
0 218351907 12;
12 218351920 43;
55 218353118 192;
247 218353566 256;
503 218362519 512;
1015 218364055 21;
1036 218364078 1001;
2037 218384592 23;
2060 218384616 1003;
3063 218391781 21;
3084 218391803 1005;
4089 218394862 19;
4108 218394882 1007;
5115 218399240 17;
5132 218399258 739;
5871 218406159 285;
6156 218406445 741;
6897 218409240 283;
7180 218409524 743;
7923 218420537 281;
8204 218420819 745;
8949 218428753 279;
9228 218429033 747;
9975 218434915 277;
10252 218435193 749;
11001 218443131 275;
11276 218443407 751;
12027 218451347 273;
12300 218451621 753;
13053 218460590 271;
13324 218460862 755;
14079 218466752 269;
14348 218467022 757;
15105 218479076 267;
15372 218479344 759;
16131 218485238 265;
16396 218485504 761;
17157 218493454 263;
17420 218493718 763;
18183 218501670 261;
18444 218501932 765;
19209 218510913 259;
19468 218511173 767;
20235 218523237 257;
20492 218523495 769;
21261 218527345 255;
21516 218527601 771;
22287 218532480 253;
22540 218532734 773;
23313 218539669 251;
23564 218539921 775;
24339 218541723 249;
24588 218541973 777;
25365 218546858 247;
25612 218547106 779;
26391 218560209 245;
26636 218560455 781;
27417 218565344 243;
27660 218565588 783;
28443 218569452 241;
28684 218569694 785;
29469 218583830 239;
29708 218584070 787;
30495 218586892 237;
30732 218587130 789;
31521 218599199 235;
31756 218599435 791;
32547 218612027 221;
48:
0 218354334 12;
12 218354347 491;
503 218357902 512;
1015 218363031 21;
1036 218363054 1001;
2037 218370214 23;
2060 218370238 1003;
3063 218373295 21;
3084 218373317 1005;
4089 218378430 19;
4108 218378450 1007;
5115 218389727 17;
5132 218389745 1009;
6141 218396916 15;
6156 218396932 1011;
7167 218404105 13;
7180 218404119 1013;
8193 218407186 11;
8204 218407198 1015;
9219 218414375 9;
9228 218414385 1017;
10245 218430807 7;
10252 218430815 673;
10925 218432002 6;
10931 218436969 345;
11276 218437315 681;
11957 218452374 343;
12300 218452718 683;
12983 218465725 341;
13324 218466067 685;
14009 218478049 339;
14348 218478389 687;
15035 218482157 337;
15372 218482495 689;
16061 218495508 335;
16396 218495844 691;
17087 218503724 333;
17420 218504058 693;
18113 218509886 331;
18444 218510218 695;
19139 218515021 329;
19468 218515351 697;
20165 218525291 327;
20492 218525619 699;
21191 218530306 6;
21197 218537615 319;
21516 218537935 707;
22223 218545831 317;
22540 218546149 709;
23249 218555074 315;
23564 218555390 711;
24275 218564317 313;
24588 218564631 713;
25301 218573560 311;
25612 218573872 715;
26327 218581776 309;
26636 218582086 717;
27353 218594067 307;
27660 218594375 719;
28379 218604334 305;
28684 218604640 721;
29405 218607415 303;
29708 218607719 723;
30431 218613566 301;
30732 218613868 725;
31457 218618687 299;
31756 218618987 727;
32483 218624846 285;
56:
0 218354838 12;
12 218354851 43;
55 218355918 448;
503 218357390 512;
1015 218359441 21;
1036 218359464 1001;
2037 218366472 23;
2060 218366496 1024;
3084 218367521 639;
3723 218372268 385;
4108 218372654 641;
4749 218381511 383;
5132 218381895 643;
5775 218386646 381;
6156 218387028 645;
6801 218393835 379;
7180 218394215 647;
7827 218397943 377;
8204 218398321 399;
8603 218403078 625;
9228 218403704 401;
9629 218408213 623;
10252 218408837 403;
10655 218418483 621;
11276 218419105 405;
11681 218422591 619;
12300 218423211 407;
12707 218432008 617;
13324 218432626 235;
13559 218435942 789;
14348 218436732 237;
14585 218447239 787;
15372 218448027 239;
15611 218455455 785;
16396 218456241 241;
16637 218468806 783;
17420 218469590 243;
17663 218472914 781;
18444 218473696 245;
18689 218480103 779;
19468 218480883 247;
19715 218490373 777;
20492 218491151 249;
20741 218498589 775;
21516 218499365 251;
21767 218508859 773;
22540 218509633 253;
22793 218513994 771;
23564 218514766 255;
23819 218520156 769;
24588 218520926 257;
24845 218529399 393;
25238 218530312 114;
25352 218531453 260;
25612 218531714 766;
26378 218540696 258;
26636 218540955 768;
27404 218543777 256;
27660 218544034 770;
28430 218551993 254;
28684 218552248 772;
29456 218558155 252;
29708 218558408 774;
30482 218567398 250;
30732 218567649 776;
31508 218575614 248;
31756 218575863 778;
32534 218579722 234;
33:
0 218464770 6;
6 218584857 6;
12 218584864 489;
501 218586380 512;
1013 218587919 23;
1036 218587944 999;
2035 218592013 25;
2060 218592039 1001;
3061 218595842 6;
3067 218603307 17;
3084 218603325 1009;
4093 218606388 15;
4108 218606404 1011;
5119 218610552 13;
5132 218610566 1013;
6145 218621765 11;
6156 218621777 1015;
7171 218629074 9;
7180 218629084 1017;
8197 218635620 7;
8204 218635628 1019;
9223 218640240 5;
9228 218640246 1021;
10249 218647426 3;
10252 218647430 1023;
11275 218650507 1;
11276 218650509 1024;
12300 218659750 1024;
13324 218660775 2;
13326 218668993 1022;
14348 218670016 4;
14352 218681317 1020;
15372 218682338 6;
15378 218686452 1018;
16396 218687471 8;
16404 218694152 516;
16920 218698776 500;
17420 218699277 526;
17946 218702884 498;
18444 218703383 528;
18972 218704938 496;
19468 218705435 530;
19998 218709046 494;
20492 218709541 532;
21024 218715208 492;
21516 218715701 534;
22050 218722397 490;
22540 218722888 536;
23076 218731640 488;
23564 218732129 538;
24102 218736775 486;
24588 218737262 540;
25128 218742937 484;
25612 218743422 542;
26154 218747045 482;
26636 218747528 544;
27180 218752180 480;
27660 218752661 546;
28206 218761423 478;
28684 218761902 548;
29232 218763477 476;
29708 218763954 550;
30258 218769639 474;
30732 218770114 552;
31284 218778882 472;
31756 218779355 554;
32310 218786071 458;
57:
0 218589970 12;
12 218589983 43;
55 218591053 960;
1015 218597148 21;
1036 218597171 1001;
2037 218609469 23;
2060 218609493 1003;
3063 218614593 21;
3084 218614615 1005;
4089 218619714 19;
4108 218619734 1007;
5115 218623819 17;
5132 218623837 1009;
6141 218631256 15;
6156 218631272 1011;
7167 218637674 13;
7180 218637688 1013;
8193 218649480 11;
8204 218649492 1015;
9219 218654615 9;
9228 218654625 1017;
10245 218661804 7;
10252 218661812 1019;
11271 218664885 5;
11276 218664891 1021;
12297 218671047 3;
12300 218671051 1023;
13323 218676182 1;
13324 218676184 1024;
14348 218680290 1024;
15372 218681315 2;
15374 218685425 1022;
16396 218686448 4;
16400 218689533 1020;
17420 218690554 6;
17426 218692614 1018;
18444 218694147 5;
18449 218701857 1019;
19468 218702877 7;
19475 218711100 1017;
20492 218712118 9;
20501 218716235 1015;
21516 218717251 11;
21527 218723424 1013;
22540 218724438 13;
22553 218726920 612;
23165 218732667 399;
23564 218733067 627;
24191 218738829 397;
24588 218739227 629;
25217 218749099 395;
25612 218749495 631;
26243 218753207 393;
26636 218753601 633;
27269 218766558 391;
27660 218766950 635;
28295 218771693 389;
28684 218772083 637;
29321 218780936 387;
29708 218781324 639;
30347 218789152 385;
30732 218789538 1024;
31756 218790563 643;
32399 218793260 369;
17:
0 218610496 12;
12 218610509 43;
55 218611579 448;
503 218613054 512;
1015 218617151 21;
1036 218617174 1001;
2037 218622792 23;
2060 218622816 1003;
3063 218630101 21;
3084 218630123 1005;
4089 218634593 19;
4108 218634613 1007;
5115 218639213 17;
5132 218639231 1009;
6141 218642291 15;
6156 218642307 1011;
7167 218645372 13;
7180 218645386 1013;
8193 218655642 11;
8204 218655654 1015;
9219 218660777 9;
9228 218660787 77;
9305 218661384 420;
9725 218670020 527;
10252 218670548 499;
10751 218673101 525;
11276 218673627 501;
11777 218677209 523;
12300 218677733 503;
12803 218683371 521;
13324 218683893 505;
13829 218691587 519;
14348 218692107 507;
14855 218697749 517;
15372 218698267 509;
15881 218703911 515;
16396 218704427 511;
16907 218706992 513;
17420 218707506 513;
17933 218714181 511;
18444 218714693 515;
18959 218718289 509;
19468 218718799 517;
19985 218721370 507;
20492 218721878 519;
21011 218728559 505;
21516 218729065 521;
22037 218735748 503;
22540 218736252 523;
23063 218739856 501;
23564 218740358 525;
24089 218744991 499;
24588 218745491 527;
25115 218750126 497;
25612 218750624 529;
26141 218755261 495;
26636 218755757 531;
27167 218759688 493;
27660 218760182 214;
27874 218764504 810;
28684 218765315 216;
28900 218772720 808;
29708 218773529 218;
29926 218776828 806;
30732 218777635 220;
30952 218779909 804;
31756 218780714 222;
31978 218784017 790;
41:
0 218616647 12;
12 218616660 491;
503 218618175 512;
1015 218620741 21;
1036 218620764 1001;
2037 218626900 23;
2060 218626924 1003;
3063 218633566 21;
3084 218633588 1005;
4089 218636647 19;
4108 218636667 1007;
5115 218646399 17;
5132 218646417 1009;
6141 218651534 15;
6156 218651550 1011;
7167 218658723 13;
7180 218658737 1013;
8193 218662831 11;
8204 218662843 1015;
9219 218667966 9;
9228 218667976 1017;
10245 218678236 7;
10252 218678244 1019;
11271 218684398 5;
11276 218684404 1021;
12297 218688506 3;
12300 218688510 1023;
13323 218690560 1;
13324 218690562 1024;
14348 218696722 1024;
15372 218697747 2;
15374 218708019 1022;
16396 218709042 4;
16400 218710073 1020;
17420 218711094 6;
17426 218717262 1018;
18444 218718281 8;
18452 218724451 1016;
19468 218725468 10;
19478 218727532 1014;
20492 218728547 12;
20504 218737802 1012;
21516 218738815 14;
21530 218740883 1010;
22540 218741894 16;
22556 218746018 1008;
23564 218747027 18;
23582 218751153 1006;
24588 218752160 20;
24608 218756288 1004;
25612 218757293 22;
25634 218762450 1002;
26636 218763453 24;
26660 218767585 1000;
27660 218768586 1024;
28684 218769611 28;
28712 218774774 996;
29708 218775771 30;
29738 218777855 994;
30732 218778850 32;
30764 218782990 992;
31756 218783983 34;
31790 218788125 978;
25:
0 218300930 12;
12 218300943 1024;
1036 218301969 495;
1531 218304513 7;
1538 218628047 49;
1587 218628616 458;
2045 218632539 15;
2060 218632555 1011;
3071 218643318 13;
3084 218643332 1013;
4097 218652561 11;
4108 218652573 1015;
5123 218657696 9;
5132 218657706 1017;
6149 218665912 7;
6156 218665920 1019;
7175 218672074 5;
7180 218672080 1021;
8201 218675155 3;
8204 218675159 1023;
9227 218679263 1;
9228 218679265 1024;
10252 218695695 1024;
11276 218696720 2;
11278 218700830 1022;
12300 218701853 4;
12304 218713154 1020;
13324 218714175 6;
13330 218719316 1018;
14348 218720335 8;
14356 218725478 922;
15278 218730613 94;
15372 218730708 932;
16304 218733694 92;
16396 218733787 934;
17330 218743964 90;
17420 218744055 936;
18356 218748072 88;
18444 218748161 938;
19382 218757315 86;
19468 218757402 940;
20408 218759682 6;
20414 218765531 78;
20492 218765610 948;
21440 218773747 76;
21516 218773824 950;
22466 218781963 74;
22540 218782038 952;
23492 218785044 72;
23564 218785117 954;
24518 218792456 70;
24588 218792527 733;
25321 218795314 291;
25612 218795606 1024;
26636 218796631 737;
27373 218799422 287;
27660 218799710 739;
28399 218801476 285;
28684 218801762 741;
29425 218803530 283;
29708 218803814 743;
30451 218805584 281;
30732 218805866 1024;
31756 218806891 747;
32503 218808665 265;
9:
0 218627927 12;
12 218627940 107;
119 218631128 128;
247 218632283 256;
503 218638701 512;
1015 218641267 21;
1036 218641290 1001;
2037 218644345 23;
2060 218644369 1003;
3063 218648453 21;
3084 218648475 1005;
4089 218653588 19;
4108 218653608 1007;
5115 218656669 17;
5132 218656687 1009;
6141 218663858 15;
6156 218663874 1011;
7167 218666939 13;
7180 218666953 1013;
8193 218674128 11;
8204 218674140 1015;
9219 218682344 9;
9228 218682354 1017;
10245 218687479 7;
10252 218687487 1019;
11271 218694668 5;
11276 218694674 1021;
12297 218699803 3;
12300 218699807 1023;
13323 218705965 1;
13324 218705967 1024;
14348 218712127 1024;
15372 218713152 2;
15374 218720343 1022;
16396 218721366 4;
16400 218729586 1020;
17420 218730607 6;
17426 218734721 1018;
18444 218735740 8;
18452 218741910 1016;
19468 218742927 10;
19478 218754234 1014;
20492 218755249 12;
20504 218758342 826;
21330 218760396 186;
21516 218760583 840;
22356 218770666 184;
22540 218770851 842;
23382 218775801 182;
23564 218775984 844;
24408 218787098 180;
24588 218787279 846;
25434 218791206 178;
25612 218791385 551;
26163 218794287 473;
26636 218794761 553;
27189 218797368 471;
27660 218797840 1024;
28684 218798865 557;
29241 218800449 467;
29708 218800917 559;
30267 218802503 465;
30732 218802969 561;
31293 218804557 463;
31756 218805021 563;
32319 218807638 449;
49:
0 54204416 12;
12 54204429 1024;
1036 54205455 1024;
2060 54206480 1024;
3084 54207505 1024;
4108 54208530 1024;
5132 54209555 1024;
6156 54210580 1024;
7180 54211605 1024;
8204 54212630 1024;
9228 54213655 1024;
10252 54214680 1024;
11276 54215705 1024;
12300 54216730 1024;
13324 54217755 1024;
14348 54218780 1024;
15372 54219805 1024;
16396 54220830 1024;
17420 54221855 1024;
18444 54222880 1024;
19468 54223905 1024;
20492 54224930 1024;
21516 54225955 1024;
22540 54226980 1024;
23564 54228005 1024;
24588 54229030 1024;
25612 54230055 985;
26597 54231560 39;
26636 54231600 1024;
27660 54232625 1024;
28684 54233650 1024;
29708 54234675 1024;
30732 54235700 1024;
31756 54236725 1012;
2:
0 54251520 12;
12 54251533 1024;
1036 54252559 1001;
2037 54255608 23;
2060 54255632 1003;
3063 54258689 21;
3084 54258711 1005;
4089 54260743 19;
4108 54260763 1007;
5115 54262797 17;
5132 54262815 993;
6125 54264851 31;
6156 54264883 995;
7151 54266905 29;
7180 54266935 997;
8177 54268959 27;
8204 54268987 999;
9203 54271013 25;
9228 54271039 1001;
10229 54294562 23;
10252 54294586 1003;
11255 54298670 21;
11276 54298692 1005;
12281 54304832 19;
12300 54304852 1007;
13307 54306886 17;
13324 54306904 1009;
14333 54362626 6;
14339 54399010 9;
14348 54399020 1017;
15365 54506569 7;
15372 54506577 1019;
16391 54521974 5;
16396 54521980 1021;
17417 54537379 3;
17420 54537383 1023;
18443 54550730 1;
18444 54550732 1024;
19468 54561000 1024;
20492 54562025 2;
20494 54578459 1022;
21516 54579482 4;
21520 54607215 1020;
22540 54608236 6;
22546 54621593 1018;
23564 54622612 8;
23572 54638025 1016;
24588 54639042 10;
24598 54653430 1014;
25612 54654445 12;
25624 54664727 1012;
26636 54665740 14;
26650 54682186 1010;
27660 54683197 16;
27676 54690306 6;
27682 54710942 1002;
28684 54711945 24;
28708 54732509 1000;
29708 54733510 26;
29734 54744833 998;
30732 54745832 28;
30760 54765373 996;
31756 54766370 30;
31786 54770508 982;
3:
0 54253568 12;
12 54253581 1024;
1036 54254607 1001;
2037 54256635 23;
2060 54256659 1024;
3084 54257684 1005;
4089 54259716 19;
4108 54259736 1007;
5115 54261770 17;
5132 54261788 1009;
6141 54264328 15;
6156 54264344 507;
6663 54265878 517;
7180 54266396 509;
7689 54267932 515;
8204 54268448 511;
8715 54269986 513;
9228 54270500 513;
9741 54272040 511;
10252 54272552 1024;
11276 54273577 471;
11747 54297643 553;
12300 54298197 473;
12773 54301751 551;
13324 54302303 475;
13799 54305859 549;
14348 54306409 477;
14825 54395394 6;
14831 54396956 541;
15372 54397498 485;
15857 54500407 539;
16396 54500947 487;
16883 54519920 537;
17420 54520458 489;
17909 54541487 535;
18444 54542023 491;
18935 54566135 533;
19468 54566669 493;
19961 54587702 531;
20492 54588234 495;
20987 54612350 529;
21516 54612880 497;
22013 54619539 527;
22540 54620067 499;
23039 54624770 6;
23045 54643160 519;
23564 54643680 507;
24071 54655484 517;
24588 54656002 509;
25097 54678078 515;
25612 54678594 511;
26123 54692456 513;
26636 54692970 513;
27149 54716077 511;
27660 54716589 515;
28175 54734563 509;
28684 54735073 517;
29201 54745860 507;
29708 54746368 519;
30227 54768454 505;
30732 54768960 521;
31253 54780778 503;
31756 54781282 523;
32279 54788994 489;
19:
0 54278144 12;
12 54278157 1024;
1036 54279183 1024;
2060 54280208 1024;
3084 54281233 1005;
4089 54283265 19;
4108 54283285 1024;
5132 54284310 1009;
6141 54286346 15;
6156 54286362 1011;
7167 54288400 13;
7180 54288414 1024;
8204 54289439 1015;
9219 54292508 9;
9228 54292518 1017;
10245 54295589 7;
10252 54295597 979;
11231 54297090 6;
11237 54300724 39;
11276 54300764 987;
12263 54303805 37;
12300 54303843 989;
13289 54337588 35;
13324 54337624 991;
14315 54400037 33;
14348 54400071 953;
15301 54501434 71;
15372 54501506 955;
16327 54510677 69;
16396 54510747 957;
17353 54527109 67;
17420 54527177 959;
18379 54552784 65;
18444 54552850 961;
19405 54568189 63;
19468 54568253 963;
20431 54586675 61;
20492 54586737 965;
21457 54615431 59;
21516 54615491 967;
22483 54624776 57;
22540 54624834 867;
23407 54641106 157;
23564 54641264 869;
24433 54656511 155;
24588 54656667 357;
24945 54666781 667;
25612 54667449 359;
25971 54679105 665;
26636 54679771 361;
26997 54689375 417;
27414 54690312 90;
27504 54697591 156;
27660 54697748 870;
28530 54717104 154;
28684 54717259 872;
29556 54726347 152;
29708 54726500 874;
30582 54746887 150;
30732 54747038 876;
31608 54764346 148;
31756 54764495 878;
32634 54782832 134;
10:
0 54274048 12;
12 54274061 1024;
1036 54275087 1024;
2060 54276112 1024;
3084 54277137 1007;
4091 54282238 17;
4108 54282256 1009;
5117 54285319 15;
5132 54285335 1011;
6143 54287373 13;
6156 54287387 1013;
7169 54290454 11;
7180 54290466 1024;
8204 54291491 1017;
9221 54293535 7;
9228 54293543 1019;
10247 54297096 5;
10252 54297102 541;
10793 54299697 483;
11276 54300181 543;
11819 54302778 481;
12300 54303260 545;
12845 54307913 479;
13324 54308393 471;
13795 54397983 553;
14348 54398537 473;
14821 54421551 551;
15372 54422103 475;
15847 54511704 549;
16396 54512254 477;
16873 54528136 547;
17420 54528684 479;
17899 54548676 545;
18444 54549222 481;
18925 54559240 543;
19468 54559784 189;
19657 54572297 835;
20492 54573133 191;
20683 54580513 833;
21516 54581347 193;
21709 54596945 831;
22540 54597777 195;
22735 54620566 829;
23564 54621396 197;
23761 54635971 827;
24588 54636799 199;
24787 54652403 825;
25612 54653229 201;
25813 54674997 823;
26636 54675821 203;
26839 54700672 821;
27660 54701494 205;
27865 54705807 819;
28684 54706627 207;
28891 54725320 817;
29708 54726138 209;
29917 54748941 815;
30732 54749757 211;
30943 54769481 813;
31756 54770295 213;
31969 54781805 799;
18:
0 54315008 12;
12 54315021 1024;
1036 54316047 1024;
2060 54317072 1024;
3084 54318097 1024;
4108 54319122 1024;
5132 54320147 1024;
6156 54321172 1011;
7167 54323210 13;
7180 54323224 1013;
8193 54325264 11;
8204 54325276 1015;
9219 54327318 9;
9228 54327328 1024;
10252 54328353 991;
11243 54329858 6;
11249 54331426 27;
11276 54331454 1024;
12300 54332479 1001;
13301 54335534 23;
13324 54335558 1003;
14327 54338615 21;
14348 54338637 947;
15295 54422578 77;
15372 54422656 896;
16268 54514785 128;
16396 54514914 898;
17294 54532244 126;
17420 54532371 900;
18320 54547649 124;
18444 54547774 902;
19346 54571270 122;
19468 54571393 904;
20372 54583594 120;
20492 54583715 906;
21398 54600026 118;
21516 54600145 908;
22424 54606188 116;
22540 54606305 910;
23450 54618512 114;
23564 54618627 912;
24476 54634944 112;
24588 54635057 914;
25502 54646241 110;
25612 54646352 916;
26528 54657538 108;
26636 54657647 918;
27554 54672943 106;
27660 54673050 920;
28580 54699645 104;
28684 54699750 922;
29606 54707861 102;
29708 54707964 924;
30632 54722239 100;
30732 54722340 220;
30952 54723080 186;
31138 54733536 618;
31756 54734155 408;
32164 54755103 225;
32389 54755848 282;
32671 54759211 97;
26:
0 54308864 12;
12 54308877 1024;
1036 54309903 1024;
2060 54310928 1024;
3084 54311953 1024;
4108 54312978 1024;
5132 54314003 1005;
6137 54322183 19;
6156 54322203 1007;
7163 54324237 17;
7180 54324255 1009;
8189 54326291 15;
8204 54326307 1011;
9215 54329864 13;
9228 54329878 1024;
10252 54330903 523;
10775 54333480 501;
11276 54333982 1024;
12300 54335007 527;
12827 54336561 497;
13324 54337059 529;
13853 54420524 495;
14348 54421020 531;
14879 54507596 493;
15372 54508090 533;
15905 54520947 491;
16396 54521439 535;
16931 54539433 489;
17420 54539923 537;
17957 54556892 487;
18444 54557380 539;
18983 54581540 485;
19468 54582026 541;
20009 54589756 483;
20492 54590240 543;
21035 54613377 481;
21516 54613859 545;
22061 54625701 479;
22540 54626181 547;
23087 54642133 477;
23564 54642611 549;
24113 54654457 475;
24588 54654933 551;
25139 54670889 473;
25612 54671363 553;
26165 54694510 471;
26636 54694982 555;
27191 54706834 469;
27660 54707304 557;
28217 54724293 467;
28684 54724761 559;
29243 54737644 465;
29708 54738110 561;
30269 54753049 463;
30732 54753513 563;
31295 54771535 461;
31756 54771997 565;
32321 54779751 447;
27:
0 54339584 12;
12 54339597 1024;
1036 54340623 1024;
2060 54341648 1024;
3084 54342673 1024;
4108 54343698 1024;
5132 54344723 1024;
6156 54345748 1024;
7180 54346773 1024;
8204 54347798 1024;
9228 54348823 1024;
10252 54349848 1024;
11276 54350873 999;
12275 54363155 25;
12300 54363181 1001;
13301 54365209 23;
13324 54365233 975;
14299 54418470 49;
14348 54418520 977;
15325 54502461 47;
15372 54502509 979;
16351 54517866 45;
16396 54517912 981;
17377 54529163 43;
17420 54529207 983;
18403 54544568 41;
18444 54544610 985;
19429 54553811 39;
19468 54553851 987;
20455 54569216 37;
20492 54569254 989;
21481 54577432 35;
21516 54577468 991;
22507 54594891 33;
22540 54594925 993;
23533 54604134 31;
23564 54604166 995;
24559 54631863 29;
24588 54631893 997;
25585 54648295 27;
25612 54648323 999;
26611 54662673 25;
26636 54662699 1001;
27637 54677051 23;
27660 54677075 1003;
28663 54687321 21;
28684 54687343 1005;
29689 54714023 19;
29708 54714043 1007;
30715 54723266 17;
30732 54723284 1009;
31741 54742779 15;
31756 54742795 1011;
32767 54758184 1;
34:
0 54351872 12;
12 54351885 1024;
1036 54352911 1024;
2060 54353936 1024;
3084 54354961 1024;
4108 54355986 1024;
5132 54357011 1024;
6156 54358036 1024;
7180 54359061 1024;
8204 54360086 1024;
9228 54361111 1001;
10229 54362632 23;
10252 54362656 499;
10751 54364182 525;
11276 54364708 501;
11777 54380572 523;
12300 54381096 503;
12803 54508623 521;
13324 54509145 505;
13829 54526472 519;
14348 54526992 117;
14465 54533271 907;
15372 54534179 119;
15491 54540460 905;
16396 54541366 121;
16517 54554838 903;
17420 54555742 123;
17543 54564081 901;
18444 54564983 125;
18569 54579486 899;
19468 54580386 127;
19595 54592008 829;
20424 54603107 68;
20492 54603176 958;
21450 54610296 66;
21516 54610363 960;
22476 54627755 64;
22540 54627820 962;
23502 54649322 62;
23564 54649385 964;
24528 54665754 60;
24588 54665815 966;
25554 54685267 58;
25612 54685326 968;
26580 54698618 56;
26636 54698675 970;
27606 54711969 54;
27660 54712024 972;
28632 54727374 52;
28684 54727427 974;
29658 54738671 50;
29708 54738722 976;
30684 54760238 48;
30732 54760287 978;
31710 54776670 46;
31756 54776717 980;
32736 54783859 32;
35:
0 54382592 12;
12 54382605 1024;
1036 54383631 1024;
2060 54384656 1024;
3084 54385681 1024;
4108 54386706 1024;
5132 54387731 1024;
6156 54388756 1024;
7180 54389781 1024;
8204 54390806 1024;
9228 54391831 1024;
10252 54392856 1024;
11276 54393881 999;
12275 54395400 25;
12300 54395426 1024;
13324 54396451 505;
13829 54417443 519;
14348 54417963 507;
14855 54498353 517;
15372 54498871 509;
15881 54512731 515;
16396 54513247 511;
16907 54535325 513;
17420 54535839 513;
17933 54545595 511;
18444 54546107 515;
18959 54570243 509;
19468 54570753 517;
19985 54582567 507;
20492 54583075 519;
21011 54602080 505;
21516 54602586 521;
22037 54614404 503;
22540 54614908 523;
23063 54636998 501;
23564 54637500 525;
24089 54660619 499;
24588 54661119 527;
25115 54680132 497;
25612 54680630 529;
26141 54690402 495;
26636 54690898 531;
27167 54703753 493;
27660 54704247 533;
28193 54715050 491;
28684 54715542 535;
29219 54730455 489;
29708 54730945 537;
30245 54740725 487;
30732 54741213 539;
31271 54762292 485;
31756 54762778 541;
32297 54773589 471;
43:
0 54366208 12;
12 54366221 1024;
1036 54367247 1024;
2060 54368272 1024;
3084 54369297 1024;
4108 54370322 1024;
5132 54371347 1024;
6156 54372372 1024;
7180 54373397 1024;
8204 54374422 1024;
9228 54375447 1024;
10252 54376472 1024;
11276 54377497 1024;
12300 54378522 1024;
13324 54379547 1024;
14348 54381599 993;
15341 54416416 31;
15372 54416448 995;
16367 54505542 29;
16396 54505572 997;
17393 54525055 27;
17420 54525083 869;
18289 54536352 155;
18444 54536508 871;
19315 54557919 153;
19468 54558073 647;
20115 54559234 6;
20121 54574351 371;
20492 54574723 655;
21147 54590783 369;
21516 54591153 335;
21851 54597972 689;
22540 54598662 337;
22877 54617485 687;
23564 54618173 339;
23903 54628782 685;
24588 54629468 341;
24929 54658565 683;
25612 54659249 343;
25955 54669862 681;
26636 54670544 345;
26981 54683213 679;
27660 54683893 347;
28007 54702726 677;
28684 54703404 349;
29033 54719158 675;
29708 54719834 351;
30059 54728401 673;
30732 54729075 353;
31085 54754076 671;
31756 54754748 355;
32111 54761265 657;
42:
0 54401024 12;
12 54401037 1024;
1036 54402063 1024;
2060 54403088 1024;
3084 54404113 1024;
4108 54405138 1024;
5132 54406163 1024;
6156 54407188 1024;
7180 54408213 1024;
8204 54409238 1024;
9228 54410263 1024;
10252 54411288 1024;
11276 54412313 1024;
12300 54413338 1024;
13324 54414363 1024;
14348 54415388 1024;
15372 54416413 3;
15375 54419497 1021;
16396 54420519 5;
16401 54518893 1019;
17420 54519913 7;
17427 54542514 1017;
18444 54543532 9;
18453 54555865 1015;
19468 54556881 11;
19479 54563054 1013;
20492 54564068 13;
20505 54584621 1011;
21516 54585633 15;
21531 54601053 1009;
22540 54602063 17;
22557 54611323 1007;
23564 54612331 19;
23583 54630836 1005;
24588 54631842 21;
24609 54645214 1003;
25612 54646218 23;
25635 54663700 1001;
26636 54664702 25;
26661 54676024 999;
27660 54677024 27;
27687 54688348 997;
28684 54689346 29;
28713 54709915 995;
29708 54710911 31;
29739 54729428 993;
30732 54730422 33;
30765 54747914 991;
31756 54748906 35;
31791 54763319 977;
50:
0 54423552 12;
12 54423565 1024;
1036 54424591 1024;
2060 54425616 1024;
3084 54426641 1007;
4091 54432256 17;
4108 54432274 1009;
5117 54434310 15;
5132 54434326 1011;
6143 54436364 13;
6156 54436378 1024;
7180 54437403 1015;
8195 54439445 9;
8204 54439455 1017;
9221 54442526 7;
9228 54442534 1019;
10247 54444580 5;
10252 54444586 1021;
11273 54446634 3;
11276 54446638 1024;
12300 54447663 1024;
13324 54449715 1024;
14348 54450740 2;
14350 54451769 1022;
15372 54452792 4;
15376 54453823 449;
15825 54499380 571;
16396 54499952 455;
16851 54509650 569;
17420 54510220 457;
17877 54531217 567;
18444 54531785 459;
18903 54546622 565;
19468 54547188 461;
19929 54567162 563;
20492 54567726 463;
20955 54588729 561;
21516 54589291 465;
21981 54592002 6;
21987 54605161 553;
22540 54605715 473;
23013 54626728 551;
23564 54627280 475;
24039 54650349 549;
24588 54650899 477;
25065 54668835 547;
25612 54669383 479;
26091 54686294 545;
26636 54686840 481;
27117 54701699 543;
27660 54702243 483;
28143 54720185 541;
28684 54720727 485;
29169 54736617 539;
29708 54737157 487;
30195 54752022 537;
30732 54752560 489;
31221 54767427 535;
31756 54767963 491;
32247 54777697 521;
58:
0 54428162 12;
12 54428175 1024;
1036 54429201 1024;
2060 54430226 1024;
3084 54431251 1005;
4089 54433283 19;
4108 54433303 1007;
5115 54435337 17;
5132 54435355 1009;
6141 54438418 15;
6156 54438434 1011;
7167 54440472 13;
7180 54440486 1024;
8204 54441511 1015;
9219 54443553 9;
9228 54443563 1017;
10245 54445607 7;
10252 54445615 1019;
11271 54448688 5;
11276 54448694 1021;
12297 54450742 3;
12300 54450746 1023;
13323 54452796 1;
13324 54452798 1024;
14348 54496299 1024;
15372 54497324 2;
15374 54515812 1022;
16396 54516835 4;
16400 54523001 1020;
17420 54524022 6;
17426 54543541 1018;
18444 54544560 8;
18452 54575378 1016;
19468 54576395 10;
19478 54593864 1014;
20492 54594879 12;
20504 54616458 1012;
21516 54617471 14;
21530 54623647 609;
22139 54633917 401;
22540 54634319 625;
23165 54647268 399;
23564 54647668 627;
24191 54659592 397;
24588 54659990 629;
25217 54684240 395;
25612 54684636 631;
26243 54696564 393;
26636 54696958 633;
27269 54718131 391;
27660 54718523 635;
28295 54739698 389;
28684 54740088 637;
29321 54749968 387;
29708 54750356 639;
30347 54757157 385;
30732 54757543 641;
31373 54778724 383;
31756 54779108 643;
32399 54786940 369;
59:
0 54454272 12;
12 54454285 1024;
1036 54455311 1024;
2060 54456336 1024;
3084 54457361 1024;
4108 54458386 1024;
5132 54459411 1005;
6137 54460936 19;
6156 54460956 1024;
7180 54461981 483;
7663 54468612 541;
8204 54469154 485;
8689 54471693 539;
9228 54472233 487;
9715 54474774 537;
10252 54475312 489;
10741 54486029 535;
11276 54486565 491;
11767 54489110 533;
12300 54489644 493;
12793 54493704 531;
13324 54494236 1024;
14348 54495261 11;
14359 54504515 1013;
15372 54505529 13;
15385 54524028 1011;
16396 54525040 15;
16411 54538406 1009;
17420 54539416 17;
17437 54562027 1007;
18444 54563035 19;
18463 54573324 1005;
19468 54574330 21;
19489 54598999 1003;
20492 54600003 23;
20515 54629809 1001;
21516 54630811 25;
21541 54644187 999;
22540 54645187 27;
22567 54651376 997;
23564 54652374 29;
23593 54671916 995;
24588 54672912 31;
24619 54695537 993;
25612 54696531 33;
25645 54704780 991;
26636 54705772 35;
26671 54721212 989;
27660 54722202 37;
27697 54741752 987;
28684 54742740 39;
28723 54766400 985;
29708 54767386 41;
29749 54775643 983;
30732 54776627 43;
30775 54790021 981;
31756 54791003 1012;
11:
0 54476800 12;
12 54476813 1024;
1036 54477839 1024;
2060 54478864 1024;
3084 54479889 1024;
4108 54480914 1024;
5132 54481939 1024;
6156 54482964 1024;
7180 54483989 1024;
8204 54485014 1015;
9219 54487056 9;
9228 54487066 1017;
10245 54490137 7;
10252 54490145 1019;
11271 54492191 5;
11276 54492197 987;
12263 54493698 6;
12269 54495272 31;
12300 54495304 995;
13295 54503488 29;
13324 54503518 997;
14321 54513758 27;
14348 54513786 999;
15347 54526466 6;
15353 54534298 19;
15372 54534318 1007;
16379 54549703 17;
16396 54549721 1009;
17405 54565108 15;
17420 54565124 1011;
18431 54576405 13;
18444 54576419 1013;
19457 54592837 11;
19468 54592849 1015;
20483 54608242 9;
20492 54608252 1017;
21509 54622620 7;
21516 54622628 1019;
22535 54639052 5;
22540 54639058 1021;
23561 54667808 3;
23564 54667812 1023;
24587 54673970 1;
24588 54673972 1024;
25612 54691429 1024;
26636 54692454 2;
26638 54708888 1022;
27660 54709911 4;
27664 54731482 1020;
28684 54732503 6;
28690 54743806 1018;
29708 54744825 8;
29716 54756130 1016;
30732 54757147 10;
30742 54774616 1014;
31756 54775631 12;
31768 54785913 1000;
51:
0 54462464 12;
12 54462477 1024;
1036 54463503 1024;
2060 54464528 1024;
3084 54465553 1024;
4108 54466578 1024;
5132 54467603 1009;
6141 54469639 15;
6156 54469655 1024;
7180 54470680 1013;
8193 54472720 11;
8204 54472732 1024;
9228 54473757 1017;
10245 54475801 7;
10252 54475809 991;
11243 54488083 33;
11276 54488117 993;
12269 54491164 31;
12300 54491196 995;
13295 54497326 29;
13324 54497356 997;
14321 54516839 27;
14348 54516867 999;
15347 54530190 25;
15372 54530216 1001;
16373 54551757 23;
16396 54551781 1003;
17399 54559973 21;
17420 54559995 1005;
18425 54585648 19;
18444 54585668 1007;
19451 54595918 17;
19468 54595936 1009;
20477 54609269 15;
20492 54609285 1011;
21503 54632890 13;
21516 54632904 1013;
22529 54640079 11;
22540 54640091 1015;
23555 54661646 9;
23564 54661656 1017;
24581 54681159 7;
24588 54681167 1019;
25607 54693483 5;
25612 54693489 1021;
26633 54712996 3;
26636 54713000 1023;
27659 54735590 1;
27660 54735592 1024;
28684 54750995 1024;
29708 54752020 2;
29710 54772562 1022;
30732 54773585 4;
30736 54784886 1020;
31756 54785907 6;
31762 54787967 129;
31891 54788616 378;
32269 54792075 499;
4:
0 54970368 12;
12 54970381 1024;
1036 54971407 1024;
2060 54972432 1003;
3063 54974462 21;
3084 54974484 1005;
4089 54976516 19;
4108 54976536 1007;
5115 54979597 17;
5132 54979615 1009;
6141 54981651 15;
6156 54981667 1011;
7167 55017992 13;
7180 55018006 495;
7675 55040516 529;
8204 55041046 497;
8701 55071835 527;
9228 55072363 499;
9727 55108807 525;
10252 55109333 501;
10753 55135509 523;
11276 55136033 503;
11779 55173508 521;
12300 55174030 505;
12805 55207399 519;
13324 55207919 507;
13831 55237182 517;
14348 55237700 509;
14857 55274154 515;
15372 55274670 511;
15883 55312153 231;
16114 55312904 276;
16390 55326531 6;
16396 55326538 1020;
17416 55363503 4;
17420 55363508 1022;
18442 55397394 2;
18444 55397397 1024;
19468 55430259 1024;
20492 55431284 1;
20493 55462095 1023;
21516 55463119 3;
21519 55486743 1021;
22540 55487765 5;
22545 55524742 1019;
23564 55525762 7;
23571 55560687 1017;
24588 55561705 9;
24597 55615118 1015;
25612 55616134 11;
25623 55647982 1013;
26636 55648996 13;
26649 55683927 1011;
27660 55684939 15;
27675 55708575 1009;
28684 55709585 17;
28701 55730142 1007;
29708 55731150 19;
29727 55763006 1005;
30732 55764012 21;
30753 55786627 1003;
31756 55787631 23;
31779 55817437 989;
5:
0 54968320 12;
12 54968333 1024;
1036 54969359 1009;
2045 54973435 15;
2060 54973451 1011;
3071 54975489 13;
3084 54975503 1013;
4097 54977543 11;
4108 54977555 1024;
5132 54978580 1017;
6149 54980624 7;
6156 54980632 1019;
7175 55018501 5;
7180 55018507 1021;
8201 55052325 3;
8204 55052329 1023;
9227 55085186 1;
9228 55085188 1024;
10252 55117023 1024;
11276 55118048 2;
11278 55145779 1022;
12300 55146802 4;
12304 55161184 1020;
13324 55162205 6;
13330 55191994 1018;
14348 55193013 8;
14356 55210480 1016;
15372 55211497 10;
15382 55240263 1014;
16396 55241278 12;
16408 55285451 1012;
17420 55286464 14;
17434 55315234 1010;
18444 55316245 16;
18460 55343990 1008;
19468 55344999 18;
19486 55368638 1006;
20492 55369645 20;
20512 55396367 1004;
21516 55397372 22;
21538 55428204 1002;
22540 55429207 24;
22564 55455933 1000;
23564 55456934 26;
23590 55494959 998;
24588 55495958 28;
24616 55537066 996;
25612 55538063 30;
25642 55568903 994;
26636 55569898 32;
26668 55591497 992;
27660 55592490 34;
27694 55622307 990;
28684 55623298 36;
28720 55640793 988;
29708 55641782 38;
29746 55677765 986;
30732 55678752 40;
30772 55716791 984;
31756 55717776 42;
31798 55747601 970;
7:
0 54758186 1;
1 54793118 11;
12 54793130 12;
24 54793174 32;
56 54793638 64;
120 54794014 128;
248 54797976 256;
504 54800888 512;
1016 54813688 20;
1036 54813710 1002;
2038 54821378 6;
2044 54856756 16;
2060 54856773 1010;
3070 54874215 14;
3084 54874230 1012;
4096 54903806 12;
4108 54903819 1013;
5121 54940736 11;
5132 54940748 1015;
6147 54996029 9;
6156 54996039 1017;
7173 55039489 7;
7180 55039497 1019;
8199 55083528 5;
8204 55083534 625;
8829 55093402 399;
9228 55093802 627;
9855 55138590 397;
10252 55138988 629;
10881 55149058 6;
10887 55178643 389;
11276 55179033 637;
11913 55215615 387;
12300 55216003 639;
12939 55250533 385;
13324 55250919 641;
13965 55292640 383;
14348 55293024 643;
14991 55319342 381;
15372 55319724 645;
16017 55352206 379;
16396 55352586 647;
17043 55404583 377;
17420 55404961 649;
18069 55439501 375;
18444 55439877 651;
19095 55473392 373;
19468 55473766 653;
20121 55512418 371;
20492 55512790 655;
21147 55532958 369;
21516 55533328 657;
22173 55556579 367;
22540 55556947 659;
23199 55594578 365;
23564 55594944 661;
24225 55618199 363;
24588 55618563 663;
25251 55665441 361;
25612 55665803 665;
26277 55700359 359;
26636 55700719 667;
27303 55722953 357;
27660 55723311 669;
28329 55746574 355;
28684 55746930 671;
29355 55769168 353;
29708 55769522 673;
30381 55793816 351;
30732 55794168 675;
31407 55811275 349;
31756 55811625 677;
32433 55829761 335;
6:
0 54758185 1;
1 54788610 6;
7 54793102 5;
12 54793108 10;
22 54793142 32;
54 54793446 64;
118 54793702 128;
246 54795992 256;
502 54802424 512;
1014 54821886 22;
1036 54821910 1000;
2036 54852648 24;
2060 54852673 959;
3019 54875242 65;
3084 54875308 961;
4045 54897565 63;
4108 54897629 963;
5071 54936628 61;
5132 54936690 965;
6097 54983705 59;
6156 54983765 939;
7095 55014393 85;
7180 55014479 941;
8121 55030246 83;
8204 55030330 943;
9147 55063619 81;
9228 55063701 945;
10173 55105726 79;
10252 55105806 947;
11199 55134482 77;
11276 55134560 949;
12225 55187886 75;
12300 55187962 951;
13251 55220750 73;
13324 55220824 953;
14277 55255668 71;
14348 55255740 955;
15303 55267992 69;
15372 55268062 957;
16329 55293667 67;
16396 55293735 959;
17355 55321396 65;
17420 55321462 961;
18381 55348098 63;
18444 55348162 963;
19407 55383016 61;
19468 55383078 965;
20433 55411208 59;
20492 55411268 504;
20996 55418961 520;
21516 55419482 506;
22022 55441555 518;
22540 55442074 508;
23048 55476744 516;
23564 55477261 239;
23803 55498040 785;
24588 55498826 241;
24829 55541174 586;
25415 55567876 197;
25612 55568074 829;
26441 55575042 6;
26447 55612037 189;
26636 55612227 837;
27473 55645928 187;
27660 55646116 839;
28499 55678792 185;
28684 55678978 841;
29525 55711656 183;
29708 55711840 843;
30551 55738358 10;
30561 55738888 171;
30732 55739060 325;
31057 55760952 699;
31756 55761652 327;
32083 55781492 685;
15:
0 54793230 12;
12 54793243 11;
23 54793286 32;
55 54793382 64;
119 54793830 128;
247 54797016 256;
503 54801912 512;
1015 54811640 21;
1036 54811663 1001;
2037 54835192 23;
2060 54835216 1003;
3063 54855729 21;
3084 54855751 1005;
4089 54873188 19;
4108 54873208 1007;
5115 54889224 17;
5132 54889242 1009;
6141 54921223 15;
6156 54921239 1011;
7167 54950913 13;
7180 54950927 1009;
8189 54995002 15;
8204 54995018 1011;
9215 55026717 13;
9228 55026731 1013;
10241 55068754 11;
10252 55068766 1015;
11267 55100591 9;
11276 55100601 1017;
12293 55155022 7;
12300 55155030 1019;
13319 55176589 5;
13324 55176595 1021;
14345 55205345 3;
14348 55205349 1023;
15371 55236155 1;
15372 55236157 1024;
16396 55279289 327;
16723 55280136 180;
16903 55295721 517;
17420 55296239 509;
17929 55337828 515;
18444 55338344 511;
18955 55366584 513;
19468 55367098 513;
19981 55400475 511;
20492 55400987 515;
21007 55431285 509;
21516 55431795 517;
22033 55474419 507;
22540 55474927 519;
23059 55503175 505;
23564 55503681 521;
24085 55543228 503;
24588 55543732 523;
25111 55577119 501;
25612 55577621 525;
26137 55623334 499;
26636 55623834 527;
27163 55651063 497;
27660 55651561 529;
28189 55679819 495;
28684 55680315 531;
29215 55702413 493;
29708 55702907 533;
30241 55735277 491;
30732 55735769 535;
31267 55756844 489;
31756 55757334 537;
32293 55782519 475;
14:
0 54793206 12;
12 54793219 11;
23 54793254 32;
55 54793318 64;
119 54793510 128;
247 54795608 256;
503 54807800 512;
1015 54819838 21;
1036 54819861 1001;
2037 54846486 23;
2060 54846510 1003;
3063 54869080 21;
3084 54869102 1005;
4089 54898592 19;
4108 54898612 1007;
5115 54935601 17;
5132 54935619 1009;
6141 54966340 15;
6156 54966356 1011;
7167 55027808 13;
7180 55027822 1013;
8193 55064646 11;
8204 55064658 1015;
9219 55098537 9;
9228 55098547 1017;
10245 55133455 7;
10252 55133463 1019;
11271 55162211 5;
11276 55162217 1021;
12297 55189940 3;
12300 55189944 1023;
13323 55226912 1;
13324 55226914 1024;
14348 55248479 1024;
15372 55249504 2;
15374 55273127 1022;
16396 55274150 4;
16400 55302910 1020;
17420 55303931 6;
17426 55329612 1018;
18444 55330631 8;
18452 55365557 1016;
19468 55366574 10;
19478 55390205 1014;
20492 55391220 12;
20504 55424096 1012;
21516 55425109 14;
21530 55451825 1010;
22540 55452836 16;
22556 55481608 1008;
23564 55482617 18;
23582 55521661 1006;
24588 55522668 20;
24608 55542280 948;
25556 55565822 56;
25612 55565879 970;
26582 55598686 54;
26636 55598741 972;
27608 55655171 52;
27660 55655224 974;
28634 55688035 50;
28684 55688086 976;
29660 55733223 48;
29708 55733272 978;
30686 55738882 6;
30692 55770195 40;
30732 55770236 900;
31632 55790735 124;
31756 55790860 902;
32658 55822572 110;
20:
0 54794240 12;
12 54794253 235;
247 54794784 256;
503 54797336 512;
1015 54806776 21;
1036 54806799 1001;
2037 54830075 23;
2060 54830099 1003;
3063 54837246 21;
3084 54837268 1005;
4089 54854152 19;
4108 54854172 530;
4638 54857783 494;
5132 54858278 532;
5664 54871134 492;
6156 54871627 534;
6690 54888197 490;
7180 54888688 536;
7716 54915064 488;
8204 54915553 538;
8742 54942790 486;
9228 54943277 467;
9695 54993975 557;
10252 54994533 469;
10721 55035381 555;
11276 55035937 471;
11747 55084159 553;
12300 55084713 473;
12773 55125239 551;
13324 55125791 475;
13799 55159130 549;
14348 55159680 477;
14825 55186859 547;
15372 55187407 479;
15851 55222804 545;
16396 55223350 481;
16877 55257722 543;
17420 55258266 483;
17903 55297775 541;
18444 55298317 485;
18929 55338855 539;
19468 55339395 487;
19955 55357341 99;
20054 55357720 438;
20492 55358159 209;
20701 55380962 815;
21516 55381778 211;
21727 55412799 813;
22540 55413613 213;
22753 55452852 811;
23564 55453664 215;
23779 55484689 809;
24588 55485499 217;
24805 55509512 807;
25612 55510320 44;
25656 55535012 980;
26636 55535993 46;
26682 55562741 978;
27660 55563720 48;
27708 55600740 976;
28684 55601717 50;
28734 55630523 974;
29708 55631498 52;
29760 55658252 972;
30732 55659225 54;
30786 55693170 970;
31756 55694141 56;
31812 55727061 956;
23:
0 54804480 12;
12 54804493 1003;
1015 54815736 21;
1036 54815759 1001;
2037 54836219 23;
2060 54836243 1003;
3063 54850594 21;
3084 54850616 1005;
4089 54878323 19;
4108 54878343 1007;
5115 54917115 17;
5132 54917133 1009;
6141 54949886 15;
6156 54949902 1011;
7167 54998083 13;
7180 54998097 1013;
8193 55029219 11;
8204 55029231 1015;
9219 55056430 9;
9228 55056440 1017;
10245 55096483 7;
10252 55096491 1019;
11271 55128320 5;
11276 55128326 1021;
12297 55149887 3;
12300 55149891 1023;
13323 55184805 1;
13324 55184807 1024;
14348 55212534 1024;
15372 55213559 2;
15374 55244371 1022;
16396 55245394 4;
16400 55275181 1020;
17420 55276202 6;
17426 55313180 1018;
18444 55314199 8;
18452 55340909 1016;
19468 55341926 10;
19478 55370692 1014;
20492 55371707 12;
20504 55378434 6;
20510 55409718 970;
21480 55448744 36;
21516 55448781 990;
22506 55487770 34;
22540 55487805 992;
23532 55515499 32;
23564 55515532 994;
24558 55549390 30;
24588 55549421 996;
25584 55580200 28;
25612 55580229 998;
26610 55605875 26;
26636 55605902 1000;
27636 55643874 24;
27660 55643899 1002;
28662 55680846 22;
28684 55680869 1004;
29688 55707548 20;
29708 55707569 1006;
30714 55736304 18;
30732 55736323 1008;
31740 55778411 16;
31756 55778428 1010;
32766 55807167 2;
30:
0 54824960 12;
12 54824973 1024;
1036 54825999 1001;
2037 54845459 23;
2060 54845483 1003;
3063 54863945 21;
3084 54863967 1005;
4089 54882431 19;
4108 54882451 1007;
5115 54891918 17;
5132 54891936 1009;
6141 54918142 15;
6156 54918158 1010;
7166 54937655 14;
7180 54937670 1012;
8192 54960132 12;
8204 54960145 1014;
9218 55000137 10;
9228 55000148 1016;
10244 55044109 8;
10252 55044118 1018;
11270 55095456 6;
11276 55095463 1020;
12296 55129347 4;
12300 55129352 1022;
13322 55168373 2;
13324 55168376 1024;
14348 55216643 1024;
15372 55217668 1;
15373 55245398 1023;
16396 55246422 3;
16399 55280316 1021;
17420 55281338 5;
17425 55308045 1019;
18444 55309065 7;
18451 55354260 1017;
19468 55355278 9;
19477 55375827 1015;
20492 55376843 11;
20503 55414853 1013;
21516 55415867 13;
21529 55438474 1011;
22540 55439486 15;
22555 55472365 1009;
23564 55473375 17;
23581 55517553 1007;
24588 55518561 19;
24607 55551444 1005;
25612 55552450 21;
25633 55579173 1003;
26636 55580177 23;
26659 55620253 1001;
27660 55621255 25;
27685 55657225 999;
28684 55658225 27;
28711 55695224 997;
29708 55696222 29;
29737 55719872 995;
30732 55720868 31;
30763 55745547 993;
31756 55746541 33;
31789 55777384 979;
29:
0 54833152 12;
12 54833165 1024;
1036 54834191 1001;
2037 54838273 23;
2060 54838297 1003;
3063 54870107 21;
3084 54870129 1005;
4089 54896538 19;
4108 54896558 1007;
5115 54923277 17;
5132 54923295 1009;
6141 54958078 15;
6156 54958094 1011;
7167 54999110 13;
7180 54999124 1013;
8193 55031273 11;
8204 55031285 1015;
9219 55061565 9;
9228 55061575 1017;
10245 55077997 7;
10252 55078005 1019;
11271 55122158 5;
11276 55122164 1021;
12297 55149064 3;
12300 55149068 819;
13119 55177616 205;
13324 55177822 821;
14145 55209453 203;
14348 55209657 823;
15171 55214594 6;
15177 55247452 195;
15372 55247648 831;
16203 55266965 193;
16396 55267159 833;
17229 55305991 191;
17420 55306183 835;
18255 55331666 189;
18444 55331856 837;
19281 55367611 187;
19468 55367799 839;
20307 55407664 185;
20492 55407850 841;
21333 55449771 183;
21516 55449955 843;
22359 55477500 181;
22540 55477682 845;
23385 55527823 179;
23564 55528003 847;
24411 55555552 177;
24588 55555730 849;
25437 55604848 175;
25612 55605024 851;
26463 55638739 173;
26636 55638913 853;
27489 55653117 171;
27660 55653289 855;
28515 55692143 169;
28684 55692313 857;
29541 55712683 167;
29708 55712851 859;
30567 55741439 165;
30732 55741605 861;
31593 55764033 163;
31756 55764197 863;
32619 55771650 6;
32625 55785600 143;
39:
0 54758187 1;
1 54793958 11;
12 54793970 44;
56 54794608 64;
120 54795232 128;
248 54799640 256;
504 54802936 512;
1016 54805752 20;
1036 54805774 1002;
2038 54829048 22;
2060 54829071 1004;
3064 54842378 20;
3084 54842399 1006;
4090 54848540 18;
4108 54848559 1008;
5116 54867026 16;
5132 54867043 1010;
6142 54883458 14;
6156 54883473 1012;
7168 54894484 12;
7180 54894497 1014;
8194 54922250 10;
8204 54922261 1016;
9220 54952967 8;
9228 54952976 1008;
10236 54989867 16;
10252 54989884 1010;
11262 55023636 14;
11276 55023651 1012;
12288 55053352 12;
12300 55053365 1014;
13314 55088267 10;
13324 55088278 1016;
14340 55123185 8;
14348 55123194 1018;
15366 55163238 6;
15372 55163245 1020;
16392 55198156 4;
16396 55198161 1022;
17418 55224858 2;
17420 55224861 1024;
18444 55251561 1024;
19468 55252586 1;
19469 55290586 1023;
20492 55291610 3;
20495 55320369 1021;
21516 55321391 5;
21521 55349125 1019;
22540 55350145 7;
22547 55379935 1017;
23564 55380953 9;
23573 55425123 1015;
24588 55426139 11;
24599 55457987 1013;
25612 55459001 13;
25625 55482635 1011;
26636 55483647 15;
26651 55520634 1009;
27660 55521644 17;
27677 55561714 1007;
28684 55562722 19;
28703 55592524 1005;
29708 55593530 21;
29729 55614091 1003;
30732 55615095 23;
30755 55656198 1001;
31756 55657200 25;
31781 55682900 987;
46:
0 54758188 1;
1 54794206 8;
9 54794230 3;
12 54794234 6;
18 54794520 32;
50 54795040 64;
114 54795360 128;
242 54804472 8;
250 54805496 256;
506 54812664 512;
1018 54824446 18;
1036 54824466 494;
1530 54840324 530;
2060 54840855 496;
2556 54868053 528;
3084 54868582 498;
3582 54895511 526;
4108 54896038 500;
4608 54925331 524;
5132 54925856 502;
5634 54965313 522;
6156 54965836 504;
6660 55025690 520;
7180 55026211 506;
7686 55051298 518;
8204 55051817 508;
8712 55089294 516;
9228 55089811 510;
9738 55120104 514;
10252 55120619 512;
10764 55157076 512;
11276 55157589 514;
11790 55190967 510;
12300 55191478 516;
12816 55221777 508;
13324 55222286 518;
13842 55249506 506;
14348 55250013 520;
14868 55277235 504;
15372 55277740 522;
15894 55311126 502;
16396 55311629 524;
16920 55351179 500;
17420 55351680 526;
17946 55387124 498;
18444 55387623 528;
18972 55422042 496;
19468 55422539 530;
19998 55454906 494;
20492 55455401 532;
21024 55483662 492;
21516 55484155 534;
22050 55522688 490;
22540 55523179 536;
23076 55546309 488;
23564 55546798 538;
24102 55575065 486;
24588 55575552 540;
25128 55607929 484;
25612 55608414 542;
26154 55633604 482;
26636 55634087 544;
27180 55667495 480;
27660 55667976 546;
28206 55698305 478;
28684 55698784 548;
29232 55718845 476;
29708 55719322 550;
30258 55749655 474;
30732 55750130 552;
31284 55779438 472;
31756 55779911 554;
32310 55805113 458;
47:
0 54794142 12;
12 54794155 11;
23 54794174 32;
55 54795104 64;
119 54796888 128;
247 54798872 256;
503 54822910 512;
1015 54839300 21;
1036 54839323 1001;
2037 54864972 23;
2060 54864996 1003;
3063 54885624 21;
3084 54885646 754;
3838 54893457 270;
4108 54893728 756;
4864 54929439 268;
5132 54929708 758;
5890 54982678 266;
6156 54982945 760;
6916 55016447 264;
7180 55016712 760;
7940 55046163 264;
8204 55046428 762;
8966 55092375 262;
9228 55092638 764;
9992 55116290 6;
9998 55127293 254;
10252 55127548 772;
11024 55143725 252;
11276 55143978 774;
12050 55167346 250;
12300 55167597 776;
13076 55200210 248;
13324 55200459 778;
14102 55241290 246;
14348 55241537 780;
15128 55270046 244;
15372 55270291 782;
16154 55318315 242;
16396 55318558 784;
17180 55356314 240;
17420 55356555 786;
18206 55391232 238;
18444 55391471 788;
19232 55426150 236;
19468 55426387 790;
20258 55469284 234;
20492 55469519 792;
21284 55500094 232;
21516 55500327 794;
22310 55533985 230;
22540 55534216 796;
23336 55573011 228;
23564 55573240 798;
24362 55596632 226;
24588 55596859 800;
25388 55626415 224;
25612 55626640 802;
26414 55659279 222;
26636 55659502 804;
27440 55689062 220;
27660 55689283 806;
28466 55706114 6;
28472 55759925 212;
28684 55760138 814;
29498 55789708 210;
29708 55789919 816;
30524 55815383 208;
30732 55815592 818;
31550 55827707 206;
31756 55827914 820;
32576 55839004 192;
45:
0 54794166 8;
8 54794214 4;
12 54794219 11;
23 54794488 32;
55 54795168 64;
119 54796376 128;
247 54798488 256;
503 54799128 512;
1015 54828024 21;
1036 54828047 1001;
2037 54854146 6;
2043 54858810 17;
2060 54858828 1009;
3069 54887170 15;
3084 54887186 1011;
4095 54938682 13;
4108 54938696 1013;
5121 54961159 11;
5132 54961171 1005;
6137 54985218 6;
6143 55005272 13;
6156 55005286 1013;
7169 55034354 11;
7180 55034366 1015;
8195 55059511 9;
8204 55059521 1017;
9221 55080051 7;
9228 55080059 1019;
10247 55104699 5;
10252 55104705 1021;
11273 55158103 3;
11276 55158107 1023;
12299 55199183 1;
12300 55199185 1024;
13324 55234101 1024;
14348 55235126 2;
14350 55271073 1022;
15372 55272096 4;
15376 55301883 1020;
16396 55302904 6;
16402 55312898 6;
16408 55341936 1012;
17420 55342949 14;
17434 55371719 1010;
18444 55372730 16;
18460 55403556 1008;
19468 55404565 18;
19486 55434366 1006;
20492 55435373 20;
20512 55456960 1004;
21516 55457965 22;
21538 55495986 1002;
22540 55496989 24;
22564 55528850 1000;
23564 55529851 26;
23590 55574038 490;
24080 55575048 17;
24097 55586362 491;
24588 55586854 535;
25123 55616145 489;
25612 55616635 537;
26149 55650036 487;
26636 55650524 539;
27175 55696251 485;
27660 55696737 541;
28201 55739385 483;
28684 55739869 543;
29227 55768141 481;
29708 55768623 545;
30253 55795870 479;
30732 55796350 547;
31279 55806140 477;
31756 55806618 549;
32305 55830788 463;
52:
0 54758189 1;
1 54794552 11;
12 54794564 44;
56 54795928 64;
120 54798744 128;
248 54800152 232;
480 54813176 512;
992 54823422 44;
1036 54823468 978;
2014 54847513 46;
2060 54847560 980;
3040 54861891 44;
3084 54861936 982;
4066 54880377 42;
4108 54880420 984;
5092 54902779 40;
5132 54902820 986;
6118 54919682 6;
6124 54927385 32;
6156 54927418 994;
7150 54945784 8;
7158 54948859 22;
7180 54948882 1004;
8184 54967367 20;
8204 54967388 932;
9136 55019528 92;
9228 55019621 934;
10162 55049244 90;
10252 55049335 905;
11157 55069781 119;
11276 55069901 907;
12183 55112915 117;
12300 55113033 909;
13209 55152968 115;
13324 55153084 911;
14235 55185832 113;
14348 55185946 913;
15261 55214600 111;
15372 55214712 903;
16275 55246425 121;
16396 55246547 301;
16697 55247368 84;
16781 55260803 639;
17420 55261443 387;
17807 55296748 637;
18444 55297386 389;
18833 55328585 635;
19468 55329221 391;
19859 55358368 633;
20492 55359002 393;
20885 55385070 631;
21516 55385702 395;
21911 55429231 629;
22540 55429861 397;
22937 55447717 627;
23564 55448345 399;
23963 55479554 625;
24588 55480180 401;
24989 55510364 623;
25612 55510988 403;
26015 55564795 621;
26636 55565417 405;
27041 55599713 619;
27660 55600333 407;
28067 55637712 617;
28684 55638330 409;
29093 55676738 615;
29708 55677354 411;
30119 55703440 613;
30732 55704054 413;
31145 55728088 611;
31756 55728700 415;
32171 55742466 597;
37:
0 54758190 1;
1 54794672 11;
12 54794684 44;
56 54795544 64;
120 54796248 128;
248 54796504 256;
504 54801400 512;
1016 54820862 2;
1018 54821384 18;
1036 54821404 482;
1518 54827000 542;
2060 54827543 481;
2541 54844432 543;
3084 54844976 483;
3567 54859837 541;
4108 54860379 485;
4593 54872161 539;
5132 54872701 487;
5619 54884485 537;
6156 54885023 489;
6645 54909947 535;
7180 54910483 491;
7671 54924304 533;
8204 54924838 493;
8697 54941763 531;
9228 54942295 495;
9723 54985224 529;
10252 54985754 5;
10257 55004245 1019;
11276 55005265 7;
11283 55036408 1017;
12300 55037426 9;
12309 55073889 1015;
13324 55074905 11;
13335 55111888 1013;
14348 55112902 13;
14361 55147833 711;
15072 55165292 300;
15372 55165593 726;
16098 55193021 298;
16396 55193320 728;
17124 55219723 296;
17420 55220020 730;
18150 55253614 294;
18444 55253909 732;
19176 55300856 292;
19468 55301149 734;
20202 55335774 290;
20492 55336065 736;
21228 55353233 288;
21516 55353522 738;
22254 55389178 286;
22540 55389465 740;
23280 55432312 284;
23564 55432597 742;
24306 55471338 282;
24588 55471621 744;
25332 55507283 280;
25612 55507564 746;
26358 55531931 278;
26636 55532210 748;
27384 55553498 276;
27660 55553775 750;
28410 55576092 274;
28684 55576367 752;
29436 55608956 272;
29708 55609229 754;
30462 55639766 270;
30732 55640037 27;
30759 55640584 209;
30968 55654144 788;
31756 55654933 238;
31994 55684954 774;
44:
0 54794728 12;
12 54794741 43;
55 54795864 64;
119 54796760 128;
247 54799896 256;
503 54808312 264;
767 54814712 269;
1036 54814983 753;
1789 54849567 271;
2060 54849839 755;
2815 54876269 269;
3084 54876539 757;
3841 54907896 267;
4108 54908164 759;
4867 54931493 265;
5132 54931759 761;
5893 54952450 6;
5899 54987813 257;
6156 54988071 769;
6925 55015420 255;
7180 55015676 771;
7951 55062592 253;
8204 55062846 773;
8977 55101618 251;
9228 55101870 775;
10003 55150914 249;
10252 55151164 777;
11029 55175562 247;
11276 55175810 779;
12055 55181826 6;
12061 55203291 239;
12300 55203531 787;
13087 55232047 237;
13324 55232285 789;
14113 55254641 235;
14348 55254877 791;
15139 55291613 233;
15372 55291847 793;
16165 55323450 231;
16396 55323682 795;
17191 55350152 229;
17420 55350382 797;
18217 55377881 39;
18256 55378440 188;
18444 55378629 279;
18723 55393286 745;
19468 55394032 281;
19749 55435393 743;
20492 55436137 283;
20775 55443970 6;
20781 55466203 735;
21516 55466939 291;
21807 55493932 733;
22540 55494666 293;
22833 55519607 731;
23564 55520339 295;
23859 55554525 729;
24588 55555255 297;
24885 55590470 727;
25612 55591198 299;
25911 55631550 725;
26636 55632276 301;
26937 55673657 723;
27660 55674381 303;
27963 55713710 721;
28684 55714432 305;
28989 55750682 719;
29708 55751402 307;
30015 55773276 717;
30732 55773994 309;
31041 55797924 715;
31756 55798640 311;
32067 55816410 701;
63:
0 54795488 12;
12 54795501 43;
55 54797272 64;
119 54797848 128;
247 54798232 256;
503 54803448 512;
1015 54810616 21;
1036 54810639 1001;
2037 54818811 23;
2060 54818835 1003;
3063 54832129 21;
3084 54832151 1001;
4085 54851621 23;
4108 54851645 1003;
5111 54862918 21;
5132 54862940 1005;
6137 54879350 19;
6156 54879370 1007;
7163 54890891 17;
7180 54890909 1009;
8189 54920196 15;
8204 54920212 1011;
9215 54964286 13;
9228 54964300 1013;
10241 55022609 11;
10252 55022621 1015;
11267 55055403 9;
11276 55055413 1017;
12293 55087240 7;
12300 55087248 1019;
13319 55118050 5;
13324 55118056 1021;
14345 55137563 3;
14348 55137567 1023;
15371 55179670 1;
15372 55179672 1024;
16396 55217669 1024;
17420 55218694 2;
17422 55258749 1022;
18444 55259772 4;
18448 55283397 1020;
19468 55284418 6;
19474 55324477 1018;
20492 55325496 8;
20500 55361449 1016;
21516 55362466 10;
21526 55394313 1014;
22540 55395328 12;
22552 55415880 1012;
23564 55416893 14;
23578 55463122 1010;
24588 55464133 16;
24604 55480581 1008;
25612 55481590 18;
25630 55516526 1006;
26636 55517533 20;
26656 55544255 1004;
27660 55545260 22;
27682 55578146 1002;
28684 55579149 24;
28708 55601767 1000;
29708 55602768 26;
29734 55636685 998;
30732 55637684 28;
30760 55662360 996;
31756 55663357 30;
31786 55673346 6;
31792 55726034 976;
60:
0 54808576 12;
12 54808589 1024;
1036 54809615 1001;
2037 54816760 23;
2060 54816784 1003;
3063 54841351 21;
3084 54841373 1005;
4089 54854702 19;
4108 54854722 1007;
5115 54865999 17;
5132 54866017 1009;
6141 54881404 15;
6156 54881420 1011;
7167 54900131 13;
7180 54900145 591;
7771 54919688 433;
8204 54920122 74;
8278 54926358 950;
9228 54927309 76;
9304 54959105 948;
10252 54960054 78;
10330 55002191 946;
11276 55003138 80;
11356 55037435 944;
12300 55038380 82;
12382 55057457 942;
13324 55058400 84;
13408 55097510 940;
14348 55098451 86;
14434 55141671 938;
15372 55142610 88;
15460 55180697 615;
16075 55211507 321;
16396 55211829 705;
17101 55238209 319;
17420 55238529 707;
18127 55265938 317;
18444 55266256 709;
19153 55294694 315;
19468 55295010 711;
20179 55332693 313;
20492 55333007 713;
21205 55373773 311;
21516 55374085 715;
22231 55399448 309;
22540 55399758 717;
23257 55436420 307;
23564 55436728 719;
24283 55464149 305;
24588 55464455 721;
25309 55501121 303;
25612 55501425 723;
26335 55540147 301;
26636 55540449 725;
27361 55588416 299;
27660 55588716 727;
28387 55625388 297;
28684 55625686 729;
29413 55652090 295;
29708 55652386 731;
30439 55675711 293;
30732 55676005 733;
31465 55714737 291;
31756 55715029 735;
32491 55723980 277;
55:
0 54800384 12;
12 54800397 491;
503 54803960 512;
1015 54817787 21;
1036 54817810 1001;
2037 54831102 23;
2060 54831126 1003;
3063 54843405 21;
3084 54843427 1005;
4089 54860864 19;
4108 54860884 1007;
5115 54877296 17;
5132 54877314 1009;
6141 54901752 15;
6156 54901768 1011;
7167 54930466 13;
7180 54930480 1013;
8193 54990894 11;
8204 54990906 1015;
9219 55020555 9;
9228 55020565 1017;
10245 55066700 7;
10252 55066708 1019;
11271 55083522 5;
11276 55094429 1024;
12300 55095454 2;
12302 55124212 1022;
13324 55125235 4;
13328 55146806 1020;
14348 55147827 6;
14354 55182751 1018;
15372 55183770 8;
15380 55206372 1016;
16396 55207389 10;
16406 55235128 1014;
17420 55236143 12;
17432 55284424 1012;
18444 55285437 14;
18458 55333720 1010;
19468 55334731 16;
19484 55372746 1008;
20492 55373755 18;
20510 55395340 1006;
21516 55396347 20;
21536 55427177 1004;
22540 55428182 22;
22562 55453879 1002;
23564 55454882 24;
23588 55488797 1000;
24588 55489798 26;
24614 55511391 998;
25612 55512390 28;
25640 55545282 996;
26636 55546279 30;
26666 55585335 994;
27660 55586330 32;
27692 55628469 992;
28684 55629462 34;
28718 55671603 990;
29708 55672594 36;
29744 55709602 988;
30732 55710591 38;
30770 55743493 986;
31756 55744480 40;
31796 55775330 972;
13:
0 54913024 12;
12 54913037 1024;
1036 54914063 1001;
2037 54939709 23;
2060 54939733 1003;
3063 54997056 21;
3084 54997078 1005;
4089 55048217 19;
4108 55048237 1007;
5115 55072862 17;
5132 55072880 1009;
6141 55106753 15;
6156 55106769 1011;
7167 55140644 13;
7180 55140658 1013;
8193 55181832 11;
8204 55181844 907;
9111 55202264 117;
9228 55202382 909;
10137 55233074 115;
10252 55233190 911;
11163 55276208 113;
11276 55276322 913;
12189 55304964 111;
12300 55305076 915;
13215 55330639 109;
13324 55330749 917;
14241 55364530 107;
14348 55364638 919;
15267 55413826 105;
15372 55413932 921;
16293 55459014 103;
16396 55459118 923;
17319 55478527 101;
17420 55478629 925;
18345 55504202 99;
18444 55504302 927;
19371 55526796 97;
19468 55526894 929;
20397 55571984 95;
20492 55572080 931;
21423 55602794 93;
21516 55602888 933;
22449 55621280 91;
22540 55621372 935;
23475 55641820 89;
23564 55641910 937;
24501 55691116 87;
24588 55691204 939;
25527 55717818 85;
25612 55717904 941;
26553 55757871 83;
26636 55757955 943;
27579 55792789 81;
27660 55792871 945;
28605 55808194 79;
28684 55808274 947;
29631 55826680 77;
29708 55826758 949;
30657 55841058 75;
30732 55841134 951;
31683 55852355 73;
31756 55852429 953;
32709 55859544 59;
12:
0 54906880 12;
12 54906893 1003;
1015 54916091 21;
1036 54916114 1001;
2037 54957051 23;
2060 54957075 1003;
3063 55003218 21;
3084 55003240 1005;
4089 55043082 19;
4108 55043102 1007;
5115 55065673 17;
5132 55065691 1009;
6141 55091348 15;
6156 55091364 1011;
7167 55121131 13;
7180 55121145 1013;
8193 55156049 11;
8204 55156061 1015;
9219 55194048 9;
9228 55194058 1017;
10245 55227939 7;
10252 55227947 1019;
11271 55259776 5;
11276 55259782 1021;
12297 55288532 3;
12300 55288536 1023;
13323 55322423 1;
13324 55322425 1024;
14348 55355287 1024;
15372 55356312 2;
15374 55392259 1022;
16396 55393282 4;
16400 55416907 1020;
17420 55417928 6;
17426 55445663 1018;
18444 55446682 8;
18452 55485716 1016;
19468 55486733 10;
19478 55506256 1014;
20492 55507271 12;
20504 55552471 1012;
21516 55553484 14;
21530 55593551 1010;
22540 55594562 16;
22556 55627442 1008;
23564 55628451 18;
23582 55663387 1006;
24588 55664394 20;
24608 55690089 1004;
25612 55691094 22;
25634 55721926 1002;
26636 55722929 24;
26660 55751709 1000;
27660 55752710 26;
27686 55776357 998;
28684 55777356 28;
28712 55798951 996;
29708 55799948 30;
29738 55818464 994;
30732 55819459 32;
30764 55828734 992;
31756 55829727 34;
31790 55840031 978;
31:
0 54885568 12;
12 54885581 43;
55 54886914 192;
247 54890379 256;
503 54899619 512;
1015 54911998 21;
1036 54912021 1001;
2037 54933547 23;
2060 54933571 1003;
3063 54963259 21;
3084 54963281 1005;
4089 55006299 19;
4108 55006319 913;
5021 55050760 111;
5132 55050872 426;
5558 55074916 598;
6156 55075515 428;
6584 55099564 596;
7180 55100161 430;
7610 55142698 594;
8204 55143293 432;
8636 55166319 592;
9228 55166912 434;
9662 55195075 590;
10252 55195666 436;
10688 55239236 588;
11276 55239825 438;
11714 55282370 586;
12300 55282957 440;
12740 55316261 584;
13324 55316846 442;
13766 55345017 135;
13901 55345672 372;
14273 55359395 75;
14348 55359471 951;
15299 55402529 73;
15372 55402603 953;
16325 55437447 71;
16396 55437519 955;
17351 55475446 69;
17420 55475516 708;
18128 55505229 316;
18444 55505546 710;
19154 55548363 314;
19468 55548678 712;
20180 55584308 312;
20492 55584621 714;
21206 55632577 310;
21516 55632888 716;
22232 55664414 308;
22540 55664723 718;
23258 55685981 306;
23564 55686288 720;
24284 55725007 304;
24588 55725312 722;
25310 55744520 302;
25612 55744823 724;
26336 55765060 300;
26636 55765361 726;
27362 55799978 298;
27660 55800277 728;
28388 55819491 296;
28684 55819788 730;
29414 55833869 294;
29708 55834164 732;
30440 55847220 292;
30732 55847513 734;
31466 55857490 290;
31756 55857781 736;
32492 55864679 276;
36:
0 54885512 12;
12 54885525 43;
55 54887106 64;
119 54890251 128;
247 54890635 256;
503 54892945 512;
1015 54908923 21;
1036 54908946 1001;
2037 54928412 23;
2060 54928436 1003;
3063 54952456 21;
3084 54952478 489;
3573 54986786 535;
4108 54987322 491;
4599 55038462 533;
5132 55038996 493;
5625 55060538 531;
6156 55061070 495;
6651 55090321 529;
7180 55090851 497;
7677 55113942 527;
8204 55114470 499;
8703 55144752 525;
9228 55145278 501;
9729 55171454 523;
10252 55171978 503;
10755 55208426 521;
11276 55208948 505;
11781 55243344 519;
12300 55243864 507;
12807 55264911 517;
13324 55265429 509;
13833 55286478 515;
14348 55286994 511;
14859 55310099 513;
15372 55310613 513;
15885 55334747 511;
16396 55335259 515;
16911 55345666 6;
16917 55384043 503;
17420 55384547 523;
17943 55411772 501;
18444 55412274 525;
18969 55444636 499;
19468 55445136 527;
19995 55468257 497;
20492 55468755 529;
21021 55490851 495;
21516 55491347 531;
22047 55538093 493;
22540 55538587 533;
23073 55581227 491;
23564 55581719 535;
24099 55611010 489;
24588 55611500 537;
25125 55644901 487;
25612 55645389 539;
26151 55687008 485;
26636 55687494 541;
27177 55720899 483;
27660 55721383 543;
28203 55737331 481;
28684 55737813 545;
29229 55758898 479;
29708 55759378 547;
30255 55774303 477;
30732 55774781 549;
31281 55791762 475;
31756 55792238 551;
32307 55809221 461;
38:
0 54900736 12;
12 54900749 1003;
1015 54905848 21;
1036 54905871 1009;
2045 54932520 15;
2060 54932536 1011;
3071 54985759 13;
3084 54985773 1013;
4097 55032300 11;
4108 55032312 1015;
5123 55070808 9;
5132 55070818 1017;
6149 55110861 7;
6156 55110869 1019;
7175 55160157 5;
7180 55160163 1021;
8201 55204318 3;
8204 55204322 1023;
9227 55256695 1;
9228 55256697 1024;
10252 55289559 1024;
11276 55290584 2;
11278 55327558 1022;
12300 55328581 4;
12304 55360422 1020;
13324 55361443 6;
13330 55405610 1018;
14348 55406629 8;
14356 55450798 1016;
15372 55451815 10;
15382 55497013 1014;
16396 55498028 12;
16408 55530904 1012;
17420 55531917 14;
17434 55550417 1010;
18444 55551428 16;
18460 55583281 1008;
19468 55584290 18;
19486 55617172 1006;
20492 55618179 20;
20512 55660306 1004;
21516 55661311 22;
21538 55701386 1002;
22540 55702389 24;
22564 55748628 1000;
23564 55749629 26;
23590 55780465 998;
24588 55781464 28;
24616 55802032 996;
25612 55803029 30;
25642 55821545 994;
26636 55822540 32;
26668 55837192 785;
27453 55843112 207;
27660 55843320 819;
28479 55851328 205;
28684 55851534 821;
29505 55863652 203;
29708 55863856 823;
30531 55870841 201;
30732 55871043 825;
31557 55872895 199;
31756 55873095 1012;
28:
0 54904832 12;
12 54904845 1003;
1015 54910974 21;
1036 54910997 1001;
2037 54913022 2;
2039 54934574 21;
2060 54934596 1005;
3065 55001164 19;
3084 55001184 1007;
4091 55045136 17;
4108 55045154 1009;
5117 55079024 15;
5132 55079040 1011;
6143 55109834 13;
6156 55109848 1013;
7169 55136536 11;
7180 55136548 1015;
8195 55164265 9;
8204 55164275 1017;
9221 55201237 7;
9228 55201245 1019;
10247 55218696 5;
10252 55218702 1021;
11273 55262857 3;
11276 55262861 1023;
12299 55303937 1;
12300 55303939 1024;
13324 55347071 1024;
14348 55348096 2;
14350 55376854 1022;
15372 55377877 4;
15376 55406637 1020;
16396 55407658 6;
16402 55443976 660;
17062 55465176 358;
17420 55465535 668;
18088 55513445 356;
18444 55513802 670;
19114 55539120 354;
19468 55539475 672;
20140 55542274 6;
20146 55566849 346;
20492 55567196 680;
21172 55603821 344;
21516 55604166 682;
22198 55649009 342;
22540 55649352 684;
23224 55672630 202;
23426 55673352 138;
23564 55673491 166;
23730 55697278 858;
24588 55698137 168;
24756 55731169 856;
25612 55732026 170;
25782 55761979 854;
26636 55762834 172;
26808 55783546 852;
27660 55784399 174;
27834 55801005 850;
28684 55801856 176;
28860 55823599 848;
29708 55824448 178;
29886 55834896 846;
30732 55835743 180;
30912 55837186 6;
30918 55844139 838;
31756 55844978 188;
31944 55855436 824;
22:
0 54945792 12;
12 54945805 1024;
1036 54946831 1024;
2060 54947856 1003;
3063 54988840 21;
3084 54988862 1005;
4089 55047190 19;
4108 55047210 1007;
5115 55086213 17;
5132 55086231 1009;
6141 55107780 15;
6156 55107796 1011;
7167 55132428 13;
7180 55132442 1013;
8193 55174535 11;
8204 55174547 1015;
9219 55225885 9;
9228 55225895 1017;
10245 55278262 7;
10252 55278270 1019;
11271 55307018 5;
11276 55307024 1021;
12297 55339882 3;
12300 55339886 1023;
13323 55374800 1;
13324 55374802 1024;
14348 55398421 1024;
15372 55399446 2;
15374 55433339 1022;
16396 55434362 4;
16400 55461068 1020;
17420 55462089 6;
17426 55502148 1018;
18444 55503167 8;
18452 55509506 6;
18458 55536039 1010;
19468 55537050 16;
19484 55557606 1008;
20492 55558615 18;
20510 55587389 1006;
21516 55588396 20;
21536 55609983 1004;
22540 55610988 22;
22562 55634631 1002;
23564 55635634 24;
23588 55669549 1000;
24588 55670550 26;
24614 55710629 998;
25612 55711628 28;
25640 55740412 996;
26636 55741409 30;
26666 55771656 593;
27259 55784573 401;
27660 55784975 625;
28285 55803059 399;
28684 55803459 445;
29129 55824626 579;
29708 55825206 447;
30155 55837977 577;
30732 55838555 449;
31181 55849274 575;
31756 55849850 451;
32207 55862625 561;
21:
0 54943744 12;
12 54943757 1024;
1036 54944783 1001;
2037 54991921 23;
2060 54991945 1003;
3063 55021582 21;
3084 55021604 1005;
4089 55058484 19;
4108 55058504 1007;
5115 55082105 17;
5132 55082123 885;
6017 55119077 139;
6156 55119217 887;
7043 55151941 137;
7180 55152079 889;
8069 55183778 135;
8204 55183914 891;
9095 55213561 133;
9228 55213695 385;
9613 55229993 639;
10252 55230633 387;
10639 55261830 637;
11276 55262468 389;
11665 55287505 635;
12300 55288141 391;
12691 55317288 633;
13324 55317922 393;
13717 55378908 631;
14348 55379540 395;
14743 55408691 629;
15372 55409321 397;
15769 55442582 627;
16396 55443210 246;
16642 55470311 778;
17420 55471090 248;
17668 55492905 776;
18444 55493682 250;
18694 55523715 774;
19468 55524490 252;
19720 55569930 772;
20492 55570703 254;
20746 55606902 394;
21140 55607816 113;
21253 55629496 263;
21516 55629760 763;
22279 55661333 261;
22540 55661595 765;
23305 55681873 259;
23564 55682133 767;
24331 55704467 257;
24588 55704725 769;
25357 55729115 255;
25612 55729371 771;
26383 55755817 253;
26636 55756071 773;
27409 55787654 251;
27660 55787906 775;
28435 55804418 6;
28441 55814356 243;
28684 55814600 783;
29467 55832842 241;
29708 55833084 785;
30493 55845166 239;
30732 55845406 787;
31519 55854409 237;
31756 55854647 789;
32545 55861598 223;
61:
0 54953984 12;
12 54953997 1024;
1036 54955023 1024;
2060 54956048 1003;
3063 54962232 21;
3084 54962254 1005;
4089 54992948 19;
4108 54992968 1007;
5115 55017986 6;
5121 55042055 11;
5132 55042067 1015;
6147 55075943 9;
6156 55075953 1017;
7173 55116296 7;
7180 55116304 719;
7899 55126266 305;
8204 55126572 721;
8925 55153995 303;
9228 55154299 723;
9951 55188913 301;
10252 55189215 725;
10977 55228966 299;
11276 55229266 727;
12003 55252587 297;
12300 55252885 729;
13029 55272100 295;
13324 55272396 731;
14055 55299829 293;
14348 55300123 733;
15081 55325504 291;
15372 55325796 735;
16107 55362476 289;
16396 55362766 737;
17133 55388151 287;
17420 55388439 739;
18159 55417934 285;
18444 55418220 741;
19185 55446690 283;
19468 55446974 743;
20211 55491878 281;
20492 55492160 745;
21237 55514472 279;
21516 55514752 747;
22263 55558633 277;
22540 55558911 749;
23289 55582254 275;
23564 55582530 751;
24315 55619226 273;
24588 55619500 753;
25341 55646955 271;
25612 55647227 755;
26367 55670576 269;
26636 55670846 757;
27393 55699332 267;
27660 55699600 759;
28419 55732196 265;
28684 55732462 761;
29445 55752736 263;
29708 55753000 763;
30471 55772249 261;
30732 55772511 765;
31497 55804424 259;
31756 55804684 429;
32185 55813329 583;
62:
0 54962176 12;
12 54962189 43;
55 55027744 64;
119 55028835 384;
503 55041543 512;
1015 55054379 21;
1036 55054402 1001;
2037 55081078 23;
2060 55081102 1003;
3063 55114969 21;
3084 55114991 785;
3869 55130374 239;
4108 55130614 787;
4895 55170427 237;
5132 55170665 789;
5921 55196102 235;
6156 55196338 791;
6947 55231020 233;
7180 55231254 793;
7973 55247362 6;
7979 55269019 225;
8204 55269245 801;
9005 55280130 6;
9011 55309072 217;
9228 55309290 809;
10037 55346044 215;
10252 55346260 811;
11063 55357715 5;
11068 55381989 208;
11276 55382198 818;
12094 55411202 6;
12100 55419988 200;
12300 55420189 826;
13126 55440528 198;
13324 55440727 828;
14152 55489824 196;
14348 55490021 830;
15178 55518580 194;
15372 55518775 832;
16204 55547336 192;
16396 55547529 834;
17230 55570957 190;
17420 55571148 836;
18256 55597659 188;
18444 55597848 838;
19282 55624361 186;
19468 55624548 840;
20308 55668522 184;
20492 55668707 842;
21334 55705494 106;
21440 55706120 76;
21516 55706197 324;
21840 55754790 700;
22540 55755491 326;
22866 55767114 698;
23564 55767813 328;
23892 55796897 696;
24588 55797594 330;
24918 55820518 694;
25612 55821213 332;
25944 55831815 692;
26636 55832508 334;
26970 55846193 690;
27660 55846884 336;
27996 55853382 688;
28684 55854071 338;
29022 55858517 686;
29708 55859204 340;
30048 55865706 684;
30732 55866391 342;
31074 55867760 682;
31756 55868443 344;
32100 55869960 668;
53:
0 55007232 12;
12 55007245 43;
55 55007344 981;
1036 55008327 1001;
2037 55009776 23;
2060 55009800 1003;
3063 55013366 21;
3084 55013388 1005;
4089 55033327 19;
4108 55033347 1007;
5115 55050754 6;
5121 55076970 11;
5132 55076982 1015;
6147 55103672 9;
6156 55103682 1017;
7173 55131401 7;
7180 55131409 1019;
8199 55169400 5;
8204 55169406 1021;
9225 55197129 3;
9228 55197133 1023;
10251 55242317 1;
10252 55242319 1024;
11276 55281343 1024;
12300 55282368 2;
12302 55314207 1022;
13324 55315230 4;
13328 55342963 1020;
14348 55343984 6;
14354 55386097 1018;
15372 55387116 8;
15380 55421015 1016;
16396 55422032 10;
16406 55467230 1014;
17420 55468245 12;
17432 55508310 682;
18114 55529877 330;
18444 55530208 696;
19140 55559660 328;
19468 55559989 698;
20166 55595605 326;
20492 55595932 700;
21192 55607810 6;
21198 55635658 318;
21516 55635977 708;
22224 55666468 316;
22540 55666785 710;
23250 55694197 314;
23564 55694512 712;
24276 55715764 312;
24588 55716077 714;
25302 55753763 310;
25612 55754074 716;
26328 55788681 308;
26636 55788990 718;
27354 55812302 306;
27660 55812609 720;
28380 55825653 304;
28684 55825958 722;
29406 55835923 302;
29708 55836226 446;
30154 55842085 578;
30732 55842664 448;
31180 55850301 576;
31756 55850878 450;
32206 55860571 562;
54:
0 55007288 12;
12 55007301 43;
55 55009328 448;
503 55010803 533;
1036 55011338 1024;
2060 55012363 1003;
3063 55024663 21;
3084 55024685 1005;
4089 55067727 19;
4108 55067747 1007;
5115 55102645 17;
5132 55102663 1009;
6141 55139617 15;
6156 55139633 1011;
7167 55172481 13;
7180 55172495 1013;
8193 55223831 11;
8204 55223843 1015;
9219 55263884 9;
9228 55263894 1017;
10245 55298802 7;
10252 55298810 1019;
11271 55336801 5;
11276 55336807 1021;
12297 55369665 3;
12300 55369669 1023;
13323 55401502 1;
13324 55401504 1024;
14348 55423069 1024;
15372 55424094 2;
15374 55460041 1022;
16396 55461064 4;
16400 55476738 6;
16406 55499067 1014;
17420 55500082 12;
17432 55525769 1012;
18444 55526782 14;
18458 55563768 1010;
19468 55564779 16;
19484 55589443 1008;
20492 55590452 18;
20510 55613064 1006;
21516 55614071 20;
21536 55642847 1004;
22540 55643852 22;
22562 55674684 1002;
23564 55675687 24;
23588 55706521 1000;
24588 55707522 26;
24614 55734250 998;
25612 55735249 28;
25640 55766087 996;
26636 55767084 30;
26666 55794843 994;
27660 55795838 32;
27692 55810248 992;
28684 55811241 34;
28718 55848247 990;
29708 55849238 36;
29744 55856463 988;
30732 55857452 38;
30770 55866733 986;
31756 55867720 40;
31796 55868787 653;
32449 55871868 319;
