0:
0 180549632 12;
12 180549645 1024;
1036 180550671 1009;
2045 180552200 15;
2060 180552216 1024;
3084 180553241 1024;
4108 180554266 1024;
5132 180555291 1024;
6156 180556316 1024;
7180 180557341 1024;
8204 180558366 1024;
9228 180559391 1024;
10252 180560416 1024;
11276 180561441 1024;
12300 180562466 1024;
13324 180563491 1024;
14348 180564516 1024;
15372 180565541 1024;
16396 180566566 1024;
17420 180567591 1024;
18444 180568616 1024;
19468 180569641 1024;
20492 180570666 1024;
21516 180571691 1024;
22540 180572716 1024;
23564 180573741 1024;
24588 180574766 1024;
25612 180575791 1024;
26636 180576816 1024;
27660 180577841 1024;
28684 180578866 1024;
29708 180579891 1024;
30732 180580916 1024;
31756 180581941 1012;
8:
0 180545536 12;
12 180545549 1024;
1036 180546575 1001;
2037 180549624 8;
2045 180583557 15;
2060 180583573 875;
2935 180585410 149;
3084 180585560 877;
3961 180589000 147;
4108 180589148 879;
4987 180591054 145;
5132 180591200 1024;
6156 180592225 883;
7039 180594135 141;
7180 180594277 885;
8065 180616729 139;
8204 180616869 347;
8551 180617736 20;
8571 180620837 657;
9228 180621495 369;
9597 180632134 655;
10252 180632790 371;
10623 180635215 653;
11276 180635869 373;
11649 180652674 651;
12300 180653326 375;
12675 180659863 649;
13324 180660513 377;
13701 180668079 647;
14348 180668727 379;
14727 180672187 645;
15372 180672833 381;
15753 180683484 643;
16396 180684128 383;
16779 180689646 641;
17420 180690288 385;
17805 180698889 639;
18444 180699529 387;
18831 180707105 637;
19468 180707743 389;
19857 180719429 635;
20492 180720065 391;
20883 180733807 633;
21516 180734441 393;
21909 180743050 631;
22540 180743682 395;
22935 180751266 629;
23564 180751896 397;
23961 180758455 627;
24588 180759083 399;
24987 180769752 625;
25612 180770378 401;
26013 180781049 7;
26020 180781576 500;
26520 180787211 116;
26636 180787328 910;
27546 180795427 114;
27660 180795542 912;
28572 180802085 112;
28684 180802198 914;
29598 180809764 110;
29708 180809875 916;
30624 180816950 108;
30732 180817059 918;
31650 180830282 106;
31756 180830389 920;
32676 180841551 92;
16:
0 180547584 12;
12 180547597 1024;
1036 180548623 1001;
2037 180586437 23;
2060 180586461 1003;
3063 180590027 21;
3084 180590049 1005;
4089 180593108 19;
4108 180593128 1007;
5115 180595162 17;
5132 180595180 1009;
6141 180597216 15;
6156 180597232 1011;
7167 180605432 13;
7180 180605446 1013;
8193 180615702 11;
8204 180615714 1015;
9219 180625972 9;
9228 180625982 1017;
10245 180634188 7;
10252 180634196 1019;
11271 180640350 5;
11276 180640356 1021;
12297 180654728 3;
12300 180654732 1023;
13323 180658836 1;
13324 180658838 1024;
14348 180666025 1024;
15372 180667050 2;
15374 180676295 1022;
16396 180677318 4;
16400 180687592 1020;
17420 180688613 6;
17426 180696835 1018;
18444 180697854 8;
18452 180701970 1016;
19468 180702987 10;
19478 180706078 1014;
20492 180707093 12;
20504 180713267 1012;
21516 180714280 14;
21530 180722510 1010;
22540 180723521 16;
22556 180735861 1008;
23564 180736870 18;
23582 180750239 1006;
24588 180751246 20;
24608 180763590 1004;
25612 180764595 22;
25634 180766671 1002;
26636 180767674 24;
26660 180770779 1000;
27660 180771780 26;
27686 180780022 998;
28684 180781021 28;
28712 180790292 996;
29708 180791289 30;
29738 180799535 994;
30732 180800530 32;
30764 180804648 992;
31756 180805641 34;
31790 180810791 978;
1:
0 180527104 12;
12 180527117 1024;
1036 180528143 1024;
2060 180529168 1003;
3063 180542477 21;
3084 180542499 1005;
4089 180602351 19;
4108 180602371 1007;
5115 180613648 17;
5132 180613666 1009;
6141 180629053 15;
6156 180629069 1011;
7167 180636242 13;
7180 180636256 1013;
8193 180639323 11;
8204 180639335 1015;
9219 180645485 9;
9228 180645495 1017;
10245 180649593 7;
10252 180649601 383;
10635 180650504 116;
10751 180655755 525;
11276 180656281 501;
11777 180660890 523;
12300 180661414 503;
12803 180669106 521;
13324 180669628 505;
13829 180674241 519;
14348 180674761 507;
14855 180677322 517;
15372 180677840 509;
15881 180683266 6;
15887 180690673 509;
16396 180691183 517;
16913 180702997 507;
17420 180703505 519;
17939 180708132 505;
18444 180708638 521;
18965 180712240 503;
19468 180712744 523;
19991 180717375 501;
20492 180717877 525;
21017 180727645 499;
21516 180728145 527;
22043 180734834 497;
22540 180735332 529;
23069 180739969 495;
23564 180740465 531;
24095 180744077 493;
24588 180744571 533;
25121 180753320 491;
25612 180753812 535;
26147 180771806 489;
26636 180772296 537;
27173 180775914 487;
27660 180776402 539;
28199 180785157 485;
28684 180785643 541;
29225 180793373 483;
29708 180793857 543;
30251 180798508 481;
30732 180798990 545;
31277 180814896 479;
31756 180815376 547;
32303 180824139 465;
24:
0 180519426 12;
12 180519439 1024;
1036 180520465 495;
1531 180520968 529;
2060 180521498 1024;
3084 180522523 485;
3569 180527102 2;
3571 180530171 537;
4108 180530709 489;
4597 180543504 535;
5132 180544040 491;
5623 180599270 533;
6156 180599804 493;
6649 180604405 531;
7180 180604937 495;
7675 180608513 529;
8204 180609043 497;
8701 180618783 527;
9228 180619311 499;
9727 180624945 525;
10252 180625471 501;
10753 180633161 523;
11276 180633685 503;
11779 180641377 521;
12300 180641899 505;
12805 180647539 519;
13324 180648059 507;
13831 180656782 517;
14348 180657300 509;
14857 180664998 515;
15372 180665514 511;
15883 180671160 513;
16396 180671674 513;
16909 180678349 511;
17420 180678861 515;
17935 180681430 509;
18444 180681940 517;
18961 180693754 507;
19468 180694262 519;
19987 180700943 505;
20492 180701449 521;
21013 180711213 503;
21516 180711717 523;
22039 180723537 501;
22540 180724039 525;
23065 180729699 499;
23564 180730199 527;
24091 180738942 497;
24588 180739440 529;
25117 180748185 103;
25220 180748808 392;
25612 180749201 11;
25623 180754347 1013;
26636 180755361 13;
26649 180762563 1011;
27660 180763575 15;
27675 180783103 1009;
28684 180784113 17;
28701 180794400 1007;
29708 180795408 19;
29727 180806171 1005;
30732 180807177 21;
30753 180812845 979;
31732 180820031 24;
31756 180820056 1002;
32758 180829255 10;
32:
0 180531201 12;
12 180531214 1024;
1036 180532240 1008;
2044 180536315 16;
2060 180536332 1010;
3070 180537345 7;
3077 180539396 7;
3084 180539404 1019;
4103 180541450 5;
4108 180541456 1021;
5129 180547576 3;
5132 180547580 4;
5136 180598243 1020;
6156 180599264 6;
6162 180601324 1018;
7180 180602343 8;
7188 180614675 1016;
8204 180615692 10;
8214 180619810 1014;
9228 180620825 12;
9240 180631107 1012;
10252 180632120 14;
10266 180638296 1010;
11276 180639307 16;
11292 180644458 1008;
12300 180645467 18;
12318 180651647 1006;
13324 180652654 20;
13344 180663971 1004;
14348 180664976 22;
14370 180675268 1002;
15372 180676271 24;
15396 180680403 1000;
16396 180681404 26;
16422 180685538 998;
17420 180686537 28;
17448 180692727 996;
18444 180693724 30;
18474 180704024 994;
19468 180705019 32;
19500 180709159 992;
20492 180710152 34;
20526 180721483 990;
21516 180722474 36;
21552 180725591 988;
22540 180726580 38;
22578 180731753 986;
23564 180732740 40;
23604 180740996 984;
24588 180741981 42;
24630 180745104 982;
25612 180746087 44;
25656 180755374 980;
26636 180756355 46;
26682 180764617 978;
27660 180765596 48;
27708 180768725 976;
28684 180769702 50;
28734 180774887 974;
29708 180775862 52;
29760 180778995 972;
30732 180779968 54;
30786 180786184 970;
31756 180787155 56;
31812 180791319 956;
40:
0 180552194 6;
6 180583509 6;
12 180583516 41;
53 180584962 448;
501 180587464 535;
1036 180588001 999;
2035 180596189 25;
2060 180596215 1001;
3061 180606459 23;
3084 180606483 1003;
4087 180610567 21;
4108 180610589 1005;
5113 180612621 19;
5132 180612641 1007;
6139 180617730 6;
6145 180622891 11;
6156 180622903 1015;
7171 180626999 9;
7180 180627009 1017;
8197 180643431 7;
8204 180643439 1019;
9223 180648566 5;
9228 180648572 1021;
10249 180653701 3;
10252 180653705 1023;
11275 180661917 1;
11276 180661919 1024;
12300 180670133 1024;
13324 180671158 2;
13326 180679376 1022;
14348 180680399 4;
14352 180688619 1020;
15372 180689640 6;
15378 180695808 1018;
16396 180696827 8;
16404 180705051 1016;
17420 180706068 10;
17430 180714294 1014;
18444 180715309 12;
18456 180720456 1012;
19468 180721469 14;
19482 180728672 1010;
20492 180729683 16;
20508 180742023 1008;
21516 180743032 18;
21534 180746131 1006;
22540 180747138 20;
22560 180752293 1004;
23564 180753298 22;
23586 180757428 1002;
24588 180758431 24;
24612 180761536 1000;
25612 180762537 26;
25638 180772833 998;
26636 180773832 28;
26664 180776941 996;
27660 180777938 30;
27690 180784130 994;
28684 180785125 32;
28716 180788238 992;
29708 180789231 34;
29742 180800802 990;
30732 180801793 36;
30768 180811818 988;
31756 180812807 38;
31794 180815923 974;
48:
0 180523008 12;
12 180523021 1024;
1036 180524047 1009;
2045 180525168 15;
2060 180525184 1024;
3084 180526209 893;
3977 180531198 2;
3979 180540423 129;
4108 180540553 887;
4995 180541441 9;
5004 180603378 128;
5132 180603507 898;
6030 180609540 126;
6156 180609667 900;
7056 180617756 124;
7180 180617881 902;
8082 180621864 122;
8204 180621987 904;
9108 180630080 120;
9228 180630201 906;
10134 180646512 118;
10252 180646631 908;
11160 180657809 116;
11276 180657926 910;
12186 180673214 114;
12300 180673329 912;
13212 180684511 112;
13324 180684624 914;
14238 180694781 110;
14348 180694892 916;
15264 180699916 108;
15372 180700025 918;
16290 180715321 106;
16396 180715428 92;
16488 180716040 932;
17420 180716973 402;
17822 180724564 622;
18444 180725187 404;
18848 180730726 620;
19468 180731347 406;
19874 180736888 618;
20492 180737507 408;
20900 180749212 616;
21516 180749829 410;
21926 180760509 614;
22540 180761124 412;
22952 180767698 612;
23564 180768311 414;
23978 180777968 610;
24588 180778579 416;
25004 180789265 608;
25612 180789874 418;
26030 180797481 606;
26636 180798088 420;
27056 180807710 604;
27660 180808315 422;
28082 180819004 602;
28684 180819607 424;
29108 180823112 600;
29708 180823713 426;
30134 180827460 598;
30732 180828059 428;
31160 180832832 596;
31756 180833429 430;
32186 180838985 582;
56:
0 180533248 12;
12 180533261 1024;
1036 180534287 1024;
2060 180535312 1003;
3063 180537342 2;
3065 180537352 19;
3084 180537372 1024;
4108 180538397 999;
5107 180544531 25;
5132 180544557 979;
6111 180600297 45;
6156 180600343 981;
7137 180607486 43;
7180 180607530 983;
8163 180611594 41;
8204 180611636 985;
9189 180623918 39;
9228 180623958 987;
10215 180628026 37;
10252 180628064 989;
11241 180637269 35;
11276 180637305 991;
12267 180642404 33;
12300 180642438 993;
13293 180650620 31;
13324 180650652 995;
14319 180662944 29;
14348 180662974 997;
15345 180667052 27;
15372 180667080 999;
16371 180682457 25;
16396 180682483 269;
16665 180683272 212;
16877 180686565 543;
17420 180687109 483;
17903 180691700 541;
18444 180692242 485;
18929 180697862 539;
19468 180698402 487;
19955 180710186 537;
20492 180710724 489;
20981 180718402 535;
21516 180718938 491;
22007 180726618 533;
22540 180727152 493;
23033 180732780 531;
23564 180733312 495;
24059 180737915 529;
24588 180738445 497;
25085 180747158 527;
25612 180747686 499;
26111 180756401 525;
26636 180756927 501;
27137 180759482 523;
27660 180760006 503;
28163 180765644 521;
28684 180766166 505;
29189 180773860 519;
29708 180774380 507;
30215 180782076 517;
30732 180782594 509;
31241 180792346 515;
31756 180792862 511;
32267 180796454 501;
33:
0 180650498 6;
6 180716034 6;
12 180781571 5;
17 180800562 240;
257 180801829 256;
513 180803112 523;
1036 180803637 1011;
2047 180808737 13;
2060 180808751 1013;
3073 180817977 11;
3084 180817989 1015;
4099 180822085 9;
4108 180822095 1017;
5125 180825214 7;
5132 180825222 1019;
6151 180836931 5;
6156 180836937 1021;
7177 180845776 3;
7180 180845780 812;
7992 180851587 212;
8204 180851800 814;
9018 180855695 210;
9228 180855906 816;
10044 180863390 208;
10252 180863599 818;
11070 180869552 206;
11276 180869759 820;
12096 180879880 204;
12300 180880085 764;
13064 180887011 260;
13324 180887272 766;
14090 180900362 258;
14348 180900621 768;
15116 180908578 256;
15372 180908835 770;
16142 180917821 254;
16396 180918076 772;
17168 180926037 252;
17420 180926290 774;
18194 180931172 250;
18444 180931423 776;
19220 180935280 248;
19468 180935529 778;
20246 180938361 246;
20492 180938608 780;
21272 180947604 244;
21516 180947849 782;
22298 180954793 242;
22540 180955036 784;
23324 180964036 240;
23564 180964277 786;
24350 180972252 238;
24588 180972491 788;
25376 180979441 236;
25612 180979678 790;
26402 180983549 234;
26636 180983784 792;
27428 180988684 232;
27660 180988917 794;
28454 180998954 230;
28684 180999185 796;
29480 181003062 228;
29708 181003291 798;
30506 181012305 226;
30732 181012532 800;
31532 181023602 224;
31756 181023827 802;
32558 181031818 210;
57:
0 180748802 6;
6 180805675 6;
12 180805682 489;
501 180807198 512;
1013 180814344 23;
1036 180814369 527;
1563 180821058 497;
2060 180821556 529;
2589 180826433 495;
3084 180826929 531;
3615 180831677 493;
4108 180832171 533;
4641 180837958 491;
5132 180838450 535;
5667 180842578 489;
6156 180843068 537;
6693 180853641 487;
7180 180854129 539;
7719 180866471 485;
8204 180866957 541;
8745 180870579 483;
9228 180871063 543;
9771 180875714 481;
10252 180876196 545;
10797 180885984 479;
11276 180886464 547;
11823 180892146 477;
12300 180892624 549;
12849 180897281 475;
13324 180897757 551;
13875 180902416 473;
14348 180902890 553;
14901 180906524 471;
15372 180906996 555;
15927 180911659 469;
16396 180912649 37;
16433 180915767 987;
17420 180916755 39;
17459 180920902 985;
18444 180921888 41;
18485 180930145 983;
19468 180931129 43;
19511 180941442 981;
20492 180942424 45;
20537 180945550 979;
21516 180946530 47;
21563 180953766 977;
22540 180954744 49;
22589 180963009 975;
23564 180963985 51;
23615 180968144 973;
24588 180969118 53;
24641 180975333 971;
25612 180976305 55;
25667 180986630 969;
26636 180987600 57;
26693 180990738 967;
27660 180991706 59;
27719 181007170 965;
28684 181008136 61;
28745 181018467 963;
29708 181019431 63;
29771 181029764 961;
30732 181030726 65;
30797 181032845 959;
31756 181033805 67;
31823 181034899 945;
17:
0 180525134 2;
2 180525142 3;
5 180525150 3;
8 180525165 3;
11 180814338 1;
12 180814340 4;
16 180825166 48;
64 180826241 192;
256 180828487 768;
1024 180834371 12;
1036 180834385 1010;
2046 180840012 14;
2060 180840027 1012;
3072 180847114 12;
3084 180847127 1014;
4098 180852614 10;
4108 180852625 1016;
5124 180857234 8;
5132 180857243 1018;
6150 180859285 6;
6156 180859292 1020;
7176 180864417 4;
7180 180864422 1022;
8202 180874687 2;
8204 180874690 1024;
9228 180882904 1024;
10252 180883929 1;
10253 180894200 1023;
11276 180895224 3;
11279 180898308 1021;
12300 180899330 5;
12305 180905497 1019;
13324 180906517 7;
13331 180914740 1017;
14348 180915758 9;
14357 180922956 1015;
15372 180923972 11;
15383 180929118 1013;
16396 180930132 13;
16409 180933226 1011;
17420 180934238 15;
17435 180939388 1009;
18444 180940398 17;
18461 180946577 1007;
19468 180947585 19;
19487 180950685 1005;
20492 180951691 21;
20513 180957874 1003;
21516 180958878 23;
21539 180966090 1001;
22540 180967092 25;
22565 180970198 999;
23564 180971198 27;
23591 180977387 277;
23868 180978184 230;
24098 180980468 490;
24588 180980959 536;
25124 180984576 488;
25612 180985065 538;
26150 180992792 486;
26636 180993279 540;
27176 180996900 484;
27660 180997385 542;
28202 181004089 482;
28684 181004572 544;
29228 181011278 480;
29708 181011759 546;
30254 181019494 478;
30732 181019973 548;
31280 181021548 476;
31756 181022025 550;
32306 181028737 462;
41:
0 180582953 1;
1 180831309 11;
12 180831321 108;
120 180831549 128;
248 180833859 256;
504 180835395 532;
1036 180835929 1002;
2038 180844629 22;
2060 180844652 1004;
3064 180850560 20;
3084 180850581 1006;
4090 180854668 18;
4108 180854687 1008;
5116 180865444 16;
5132 180865461 1010;
6142 180871606 14;
6156 180871621 1012;
7168 180881876 12;
7180 180881889 1014;
8194 180883930 10;
8204 180883941 1016;
9220 180891119 8;
9228 180891128 1018;
10246 180901389 6;
10252 180901396 1020;
11272 180909605 4;
11276 180909610 1022;
12298 180913713 2;
12300 180913716 1024;
13324 180918849 1024;
14348 180919874 1;
14349 180925010 1023;
15372 180926034 3;
15375 180937334 1021;
16396 180938356 5;
16401 180940415 1019;
17420 180941435 7;
17427 180949658 1017;
18444 180950676 9;
18453 180955820 1015;
19468 180956836 11;
19479 180959928 1013;
20492 180960942 13;
20505 180971225 1011;
21516 180972237 15;
21531 180976360 1009;
22540 180977370 17;
22557 180981495 1007;
23564 180982503 19;
23583 180985603 1005;
24588 180986609 21;
24609 180993819 1003;
25612 180994823 23;
25635 180997927 1001;
26636 180998929 25;
26661 181005116 999;
27660 181006116 27;
27687 181009224 997;
28684 181010222 29;
28713 181014359 995;
29708 181015355 31;
29739 181017440 993;
30732 181018434 33;
30765 181026683 991;
31756 181027675 35;
31791 181030791 977;
25:
0 180582954 1;
1 180831429 11;
12 180831441 108;
120 180832704 128;
248 180834115 256;
504 180841039 512;
1016 180843605 20;
1036 180843627 1002;
2038 180849533 22;
2060 180849556 1004;
3064 180860312 20;
3084 180860333 1006;
4090 180872633 18;
4108 180872652 1008;
5116 180876741 16;
5132 180876758 1010;
6142 180879874 6;
6148 180888038 8;
6156 180888047 1018;
7174 180895227 6;
7180 180895234 1020;
8200 180899335 4;
8204 180899340 1022;
9226 180904470 2;
9228 180904473 1024;
10252 180921930 1024;
11276 180922955 1;
11277 180932199 1023;
12300 180933223 3;
12303 180944523 373;
12676 180945416 134;
12810 180948631 514;
13324 180949146 512;
13836 180956847 512;
14348 180957360 514;
14862 180961982 510;
15372 180962493 516;
15888 180965063 508;
16396 180965572 518;
16914 180973279 506;
17420 180973786 520;
17940 180982522 504;
18444 180983027 522;
18966 180991765 502;
19468 180992268 524;
19992 180999981 500;
20492 181000482 526;
21018 181006143 498;
21516 181006642 528;
22044 181010946 6;
22050 181020521 490;
22540 181021012 536;
23076 181025656 488;
23564 181026145 538;
24102 181035926 486;
24588 181036413 540;
25128 181039007 484;
25612 181039492 542;
26154 181041061 482;
26636 181041544 544;
27180 181046196 480;
27660 181046677 546;
28206 181049277 478;
28684 181049756 1024;
29708 181050781 550;
30258 181054412 474;
30732 181054887 1024;
31756 181055912 554;
32310 181058520 458;
9:
0 180582955 1;
1 180845656 11;
12 180845668 108;
120 180848189 384;
504 180856722 512;
1016 180858261 20;
1036 180858283 1002;
2038 180862363 22;
2060 180862386 1004;
3064 180867498 20;
3084 180867519 1006;
4090 180873660 18;
4108 180873679 1008;
5116 180877768 16;
5132 180877785 1010;
6142 180884957 14;
6156 180884972 1012;
7168 180890092 12;
7180 180890105 1014;
8194 180896254 10;
8204 180896265 1016;
9220 180907551 8;
9228 180907560 1018;
10246 180912686 6;
10252 180912693 1020;
11272 180923983 4;
11276 180923988 1022;
12298 180927064 2;
12300 180927067 1024;
13324 180934254 1024;
14348 180935279 1;
14349 180942469 1023;
15372 180943493 3;
15375 180951712 1021;
16396 180952734 5;
16401 180960955 1019;
17420 180961975 7;
17427 180969171 1017;
18444 180970189 9;
18453 180978414 1015;
19468 180979430 11;
19479 180989711 1013;
20492 180990725 13;
20505 180994846 1011;
21516 180995858 15;
21531 181002035 1009;
22540 181003045 17;
22557 181010251 181;
22738 181010952 326;
23064 181015386 500;
23564 181015887 526;
24090 181024629 498;
24588 181025128 528;
25116 181033872 496;
25612 181034369 530;
26142 181037980 494;
26636 181038475 532;
27168 181042088 492;
27660 181042581 534;
28194 181044142 490;
28684 181044633 536;
29220 181047223 488;
29708 181047712 538;
30246 181051331 486;
30732 181051818 540;
31272 181053385 484;
31756 181053870 542;
32298 181057493 470;
49:
0 180582956 1;
1 180847106 8;
9 180848141 3;
12 180848145 44;
56 180848573 960;
1016 180861339 20;
1036 180861361 1002;
2038 180868525 22;
2060 180868548 1004;
3064 180878795 20;
3084 180878816 544;
3628 180880849 480;
4108 180881330 546;
4654 180889065 478;
5132 180889544 548;
5680 180893173 476;
6156 180893650 550;
6706 180903443 474;
7180 180903918 552;
7732 180910632 472;
8204 180911105 554;
8758 180916794 470;
9228 180917265 556;
9784 180919875 468;
10252 180920344 558;
10810 180928091 466;
11276 180928558 560;
11836 180936307 464;
12300 180936772 562;
12862 180943496 462;
13324 180943959 564;
13888 180952739 460;
14348 180953200 566;
14914 180958901 458;
15372 180959360 568;
15940 180967117 456;
16396 180967574 570;
16966 180974306 454;
17420 180974761 572;
17992 180987657 452;
18444 180988110 574;
19018 180995873 450;
19468 180996324 576;
20044 181001008 448;
20492 181001457 578;
21070 181008197 446;
21516 181008644 580;
22096 181013332 444;
22540 181013777 582;
23122 181016413 442;
23564 181016856 584;
24148 181022575 440;
24588 181023016 586;
25174 181027710 438;
25612 181028149 588;
26200 181036953 436;
26636 181037390 590;
27226 181040034 434;
27660 181040469 592;
28252 181043115 85;
28337 181043720 347;
28684 181044068 74;
28758 181045169 950;
29708 181046120 76;
29784 181048250 948;
30732 181049199 78;
30810 181052358 946;
31756 181053305 80;
31836 181056466 932;
2:
0 180582957 1;
1 180912642 6;
7 180945410 5;
12 181043714 6;
18 181059547 16;
34 181059675 32;
66 181059763 64;
130 181060019 896;
1026 181062579 10;
1036 181062591 1012;
2048 181066678 12;
2060 181066691 1014;
3074 181069759 10;
3084 181069770 1016;
4100 181072840 8;
4108 181072849 1018;
5126 181075921 6;
5132 181075928 40;
5172 181076488 460;
5632 181079002 524;
6156 181079527 502;
6658 181081056 522;
7180 181081579 504;
7684 181083110 520;
8204 181083631 506;
8710 181086191 518;
9228 181086710 508;
9736 181090299 516;
10252 181090816 510;
10762 181094407 514;
11276 181094922 512;
11788 181097488 512;
12300 181098001 514;
12814 181100569 510;
13324 181101080 1024;
14348 181102105 518;
14866 181106731 506;
15372 181107238 520;
15892 181109250 6;
15898 181110839 498;
16396 181111338 1024;
17420 181112363 530;
17950 181114947 494;
18444 181115442 532;
18976 181118028 492;
19468 181118521 534;
20002 181120082 490;
20492 181120573 536;
21028 181123163 488;
21516 181123652 538;
22054 181127271 486;
22540 181127758 540;
23080 181131379 484;
23564 181131864 542;
24106 181134460 482;
24588 181134943 1024;
25612 181135968 546;
26158 181138568 478;
26636 181139047 548;
27184 181142024 476;
27660 181142501 175;
27835 181145757 849;
28684 181146607 177;
28861 181147811 847;
29708 181148659 179;
29887 181150892 845;
30732 181151738 181;
30913 181153973 843;
31756 181154817 183;
31939 181157054 829;
3:
0 180582958 1;
1 180978178 6;
7 181059563 5;
12 181059569 106;
118 181059827 128;
246 181061043 256;
502 181062067 512;
1014 181064627 22;
1036 181064651 1000;
2036 181067705 24;
2060 181067730 1024;
3084 181068755 1004;
4088 181071813 20;
4108 181071834 1006;
5114 181074894 18;
5132 181074913 1008;
6140 181077975 16;
6156 181077992 1010;
7166 181082083 14;
7180 181082098 1012;
8192 181084137 12;
8204 181084150 1014;
9218 181087218 10;
9228 181087229 1016;
10244 181091326 8;
10252 181091335 1024;
11276 181092360 1020;
12296 181095434 4;
12300 181095439 1022;
13322 181099542 2;
13324 181099545 1024;
14348 181102624 1024;
15372 181103649 1;
15373 181105704 1023;
16396 181106728 3;
16399 181107758 978;
17377 181113920 43;
17420 181113964 983;
18403 181117001 41;
18444 181117043 985;
19429 181122136 39;
19468 181122176 987;
20455 181125217 37;
20492 181125255 989;
21481 181128298 35;
21516 181128334 991;
22507 181130352 33;
22540 181130386 993;
23533 181133433 31;
23564 181133465 995;
24559 181137541 29;
24588 181137571 997;
25585 181139595 27;
25612 181139623 999;
26611 181143703 25;
26636 181143729 1001;
27637 181146784 23;
27660 181146808 1003;
28663 181149865 21;
28684 181149887 1005;
29689 181152946 19;
29708 181152966 1007;
30715 181155000 17;
30732 181155018 1009;
31741 181158081 15;
31756 181158097 1011;
32767 181160135 1;
19:
0 3840000 12;
12 3840013 1024;
1036 3841039 1024;
2060 3842064 1024;
3084 3843089 1024;
4108 3844114 1024;
5132 3845139 1024;
6156 3846164 1024;
7180 3847189 1024;
8204 3848214 1024;
9228 3849239 1024;
10252 3850264 1024;
11276 3851289 1024;
12300 3852314 1024;
13324 3853339 1024;
14348 3854364 1024;
15372 3855389 1024;
16396 3856414 1024;
17420 3857439 1024;
18444 3858464 1024;
19468 3859489 1024;
20492 3860514 1024;
21516 3861539 1024;
22540 3862564 1024;
23564 3863589 1024;
24588 3864614 1024;
25612 3865639 985;
26597 3867144 39;
26636 3867184 1024;
27660 3868209 463;
28123 4194818 6;
28129 4211016 555;
28684 4211572 471;
29155 4224367 553;
29708 4224921 473;
30181 4236691 551;
30732 4237243 475;
31207 4252096 549;
31756 4252646 477;
32233 4271609 535;
10:
0 180520961 7;
7 181059707 5;
12 181059713 50;
62 181059955 64;
126 181060915 128;
254 181061299 768;
1022 181063603 14;
1036 181063619 1008;
2044 181065651 16;
2060 181065668 1010;
3070 181070786 14;
3084 181070801 1012;
4096 181073867 12;
4108 181073880 1014;
5122 181076948 10;
5132 181076959 1016;
6148 181080029 8;
6156 181080038 1018;
7174 181085164 6;
7180 181085171 1020;
8200 181088245 4;
8204 181088250 1024;
9228 181089275 1024;
10252 181093381 1024;
11276 181094406 1;
11277 181096461 1023;
12300 181097485 3;
12303 181098515 1021;
13324 181099537 5;
13329 181103650 1019;
14348 181104670 1024;
15372 181105695 9;
15381 181109256 1015;
16396 181110272 567;
16963 181112893 457;
17420 181113351 569;
17989 181115974 455;
18444 181116430 571;
19015 181119055 453;
19468 181119509 573;
20041 181121109 451;
20492 181121561 575;
21067 181124190 449;
21516 181124640 577;
22093 181126244 447;
22540 181126692 579;
23119 181129325 445;
23564 181129771 581;
24145 181132406 443;
24588 181132850 583;
25171 181136514 441;
25612 181136956 585;
26197 181140622 439;
26636 181141062 442;
27078 181142676 582;
27660 181143259 444;
28104 181144730 580;
28684 181145311 446;
29130 181148838 578;
29708 181149417 448;
30156 181151919 576;
30732 181152496 450;
31182 181156027 574;
31756 181156602 452;
32208 181159108 560;
18:
0 3874816 12;
12 3874829 1024;
1036 3875855 1024;
2060 3876880 1024;
3084 3877905 1024;
4108 3878930 1024;
5132 3879955 1024;
6156 3880980 1011;
7167 3883018 13;
7180 3883032 1013;
8193 3885072 11;
8204 3885084 1015;
9219 3887126 9;
9228 3887136 1024;
10252 3888161 1019;
11271 3891234 5;
11276 3891240 1024;
12300 3892265 1023;
13323 3894315 1;
13324 3894317 1024;
14348 3896369 1024;
15372 3897394 2;
15374 3898423 969;
16343 3899906 6;
16349 3901504 47;
16396 3901552 979;
17375 3903558 45;
17420 3903604 981;
18401 3932674 6;
18407 3942458 37;
18444 3942496 989;
19433 4086923 35;
19468 4086959 991;
20459 4116532 33;
20492 4116566 993;
21485 4130910 31;
21516 4130942 995;
22511 4135018 29;
22540 4135048 997;
23537 4147342 27;
23564 4147370 999;
24563 4155558 25;
24588 4155584 1001;
25589 4164801 23;
25612 4164825 1003;
26615 4177125 21;
26636 4177147 1005;
27641 4187395 19;
27660 4187415 1007;
28667 4203827 17;
28684 4203845 1009;
29693 4216151 15;
29708 4216167 1011;
30719 4229502 13;
30732 4229516 1013;
31745 4242853 11;
31756 4242865 1012;
26:
0 3868672 12;
12 3868685 1024;
1036 3869711 1024;
2060 3870736 1024;
3084 3871761 1024;
4108 3872786 1024;
5132 3873811 1005;
6137 3881991 19;
6156 3882011 1007;
7163 3884045 17;
7180 3884063 1009;
8189 3886099 15;
8204 3886115 1011;
9215 3889180 13;
9228 3889194 1024;
10252 3890219 1015;
11267 3893288 9;
11276 3893298 1017;
12293 3895342 7;
12300 3895350 1019;
13319 3897396 5;
13324 3897402 1021;
14345 3899912 3;
14348 3899916 1024;
15372 3900941 563;
15935 3902531 461;
16396 3902993 565;
16961 3904585 459;
17420 3905045 491;
17911 3944512 533;
18444 3945046 493;
18937 4097539 5;
18942 4114478 526;
19468 4115005 500;
19968 4119613 524;
20492 4120138 502;
20994 4139126 522;
21516 4139649 504;
22020 4151450 520;
22540 4151971 506;
23046 4162747 518;
23564 4163266 508;
24072 4171990 516;
24588 4172507 510;
25098 4186368 514;
25612 4186883 512;
26124 4199719 512;
26636 4200232 514;
27150 4214097 510;
27660 4214608 516;
28176 4227592 508;
28684 4228101 374;
29058 4233610 650;
29708 4234261 376;
30084 4249015 648;
30732 4249664 378;
31110 4261339 646;
31756 4261986 380;
32136 4269555 632;
27:
0 3905536 12;
12 3905549 1024;
1036 3906575 1024;
2060 3907600 1024;
3084 3908625 1024;
4108 3909650 1024;
5132 3910675 1024;
6156 3911700 1024;
7180 3912725 1024;
8204 3913750 1024;
9228 3914775 1024;
10252 3915800 1024;
11276 3916825 999;
12275 3929107 25;
12300 3929133 1001;
13301 3931161 23;
13324 3931185 975;
14299 3933215 49;
14348 3933265 1024;
15372 3934290 979;
16351 3936296 45;
16396 3936342 981;
17377 3938350 43;
17420 3938394 983;
18403 3941431 41;
18444 3941473 985;
19429 3943485 39;
19468 3943525 987;
20455 4085896 37;
20492 4085934 989;
21481 4091031 35;
21516 4091067 991;
22507 4124748 33;
22540 4124782 993;
23533 4132964 31;
23564 4132996 995;
24559 4152477 29;
24588 4152507 997;
25585 4166855 27;
25612 4166883 999;
26611 4175071 25;
26636 4175097 1001;
27637 4189449 23;
27660 4189473 1003;
28663 4196638 21;
28684 4196660 1005;
29689 4217178 19;
29708 4217198 1007;
30715 4230529 17;
30732 4230547 1009;
31741 4240799 15;
31756 4240815 1011;
32767 4254150 1;
34:
0 3917824 12;
12 3917837 1024;
1036 3918863 1024;
2060 3919888 1024;
3084 3920913 1024;
4108 3921938 1024;
5132 3922963 1024;
6156 3923988 1024;
7180 3925013 1024;
8204 3926038 1024;
9228 3927063 1024;
10252 3928088 1019;
11271 3930134 5;
11276 3930140 1021;
12297 3932680 3;
12300 3932684 531;
12831 3935269 493;
13324 3935763 533;
13857 3937323 491;
14348 3937815 535;
14883 3939377 489;
15372 3939867 1024;
16396 3940892 539;
16935 3945539 485;
17420 3946025 471;
17891 4084869 553;
18444 4085423 473;
18917 4115505 551;
19468 4116057 475;
19943 4127829 549;
20492 4128379 389;
20881 4133991 635;
21516 4134627 391;
21907 4144261 633;
22540 4144895 393;
22933 4157612 631;
23564 4158244 395;
23959 4176098 629;
24588 4176728 397;
24985 4190476 627;
25612 4191104 399;
26011 4192530 625;
26636 4193156 401;
27037 4205881 623;
27660 4206505 403;
28063 4220259 621;
28684 4220881 405;
29089 4232583 619;
29708 4233203 407;
30115 4251069 617;
30732 4251687 409;
31141 4264420 615;
31756 4265036 411;
32167 4270582 601;
35:
0 3946496 12;
12 3946509 1024;
1036 3947535 1024;
2060 3948560 1024;
3084 3949585 1024;
4108 3950610 1024;
5132 3951635 1024;
6156 3952660 1024;
7180 3953685 1003;
8183 3963917 21;
8204 3963939 989;
9193 3965442 6;
9199 3966998 29;
9228 3967028 997;
10225 3969052 27;
10252 3969080 999;
11251 3971106 25;
11276 3971132 1001;
12277 3973160 23;
12300 3973184 1003;
13303 3975214 21;
13324 3975236 1005;
14329 3977268 19;
14348 3977288 1007;
15355 3979322 17;
15372 3979340 1009;
16381 3981376 15;
16396 3981392 1011;
17407 3998210 6;
17413 4021327 7;
17420 4021335 937;
18357 4077680 87;
18444 4077768 939;
19383 4087950 85;
19468 4088036 941;
20409 4125775 83;
20492 4125859 943;
21435 4137072 81;
21516 4137154 945;
22461 4145288 79;
22540 4145368 947;
23487 4162050 6;
23493 4165828 71;
23564 4165900 955;
24519 4180206 69;
24588 4180276 957;
25545 4191503 67;
25612 4191571 959;
26571 4202800 65;
26636 4202866 961;
27597 4213070 63;
27660 4213134 963;
28623 4221286 61;
28684 4221348 965;
29649 4227586 6;
29655 4234637 53;
29708 4234691 973;
30681 4244907 51;
30732 4244959 975;
31707 4258258 49;
31756 4258308 977;
32733 4260354 6;
32739 4267501 29;
43:
0 3954688 12;
12 3954701 1024;
1036 3955727 1024;
2060 3956752 1024;
3084 3957777 1024;
4108 3958802 1024;
5132 3959827 1024;
6156 3960852 1024;
7180 3961877 1024;
8204 3962902 1015;
9219 3965448 9;
9228 3965458 1024;
10252 3966483 515;
10767 3968025 509;
11276 3968535 517;
11793 3970079 507;
12300 3970587 519;
12819 3972133 505;
13324 3972639 521;
13845 3974187 503;
14348 3974691 523;
14871 3976241 501;
15372 3976743 525;
15897 3978295 499;
16396 3978795 527;
16923 3980349 497;
17420 3980847 529;
17949 3982403 495;
18444 3982899 461;
18905 4076653 563;
19468 4077217 463;
19931 4088977 561;
20492 4089539 465;
20957 4117559 559;
21516 4118119 467;
21983 4129883 557;
22540 4130441 469;
23009 4143234 555;
23564 4143790 471;
24035 4153504 553;
24588 4154058 473;
25061 4178152 551;
25612 4178704 475;
26087 4182260 549;
26636 4182810 477;
27113 4194824 547;
27660 4195372 239;
27899 4207935 785;
28684 4208721 241;
28925 4218205 783;
29708 4218989 243;
29951 4231556 781;
30732 4232338 245;
30977 4247988 779;
31756 4248768 247;
32003 4255177 765;
42:
0 3989504 12;
12 3989517 1024;
1036 3990543 1024;
2060 3991568 1024;
3084 3992593 1024;
4108 3993618 1024;
5132 3994643 1024;
6156 3995668 1011;
7167 3998216 13;
7180 3998230 503;
7683 3999760 521;
8204 4000282 505;
8709 4001814 519;
9228 4002334 1024;
10252 4003359 509;
10761 4004895 515;
11276 4005411 511;
11787 4006949 513;
12300 4007463 513;
12813 4010030 511;
13324 4010542 515;
13839 4012084 509;
14348 4012594 517;
14865 4014138 507;
15372 4014646 519;
15891 4017219 505;
16396 4017725 521;
16917 4019273 503;
17420 4019777 523;
17943 4075626 501;
18444 4076128 525;
18969 4081788 499;
19468 4082288 527;
19995 4090004 497;
20492 4090502 529;
21021 4123721 495;
21516 4124217 531;
22047 4138099 493;
22540 4138593 533;
23073 4149396 491;
23564 4149888 535;
24099 4158639 489;
24588 4159129 537;
25125 4173017 487;
25612 4173505 539;
26151 4181233 485;
26636 4181719 541;
27177 4193557 483;
27660 4194041 263;
27923 4201773 761;
28684 4202535 265;
28949 4219232 759;
29708 4219992 267;
29975 4235664 757;
30732 4236422 269;
31001 4245934 755;
31756 4246690 271;
32027 4257231 741;
50:
0 3983360 12;
12 3983373 1024;
1036 3984399 1024;
2060 3985424 1024;
3084 3986449 1024;
4108 3987474 1024;
5132 3988499 1005;
6137 3996679 19;
6156 3996699 997;
7153 3998733 27;
7180 3998761 999;
8179 4000787 25;
8204 4000813 1001;
9205 4003868 23;
9228 4003892 1003;
10231 4005922 21;
10252 4005944 1005;
11257 4007976 19;
11276 4007996 1024;
12300 4009021 1009;
13309 4011057 15;
13324 4011073 1011;
14335 4013111 13;
14348 4013125 1013;
15361 4015165 11;
15372 4015177 1024;
16396 4016202 1017;
17413 4018246 7;
17420 4018254 1019;
18439 4020300 5;
18444 4020306 1021;
19465 4078707 3;
19468 4078711 1023;
20491 4093085 1;
20492 4093087 865;
21357 4126802 159;
21516 4126962 867;
22383 4140153 157;
22540 4140311 869;
23409 4159666 155;
23564 4159822 871;
24435 4169936 153;
24588 4170090 873;
25461 4185341 151;
25612 4185493 875;
26487 4200746 149;
26636 4200896 877;
27513 4209989 147;
27660 4210137 879;
28539 4225394 145;
28684 4225540 881;
29565 4241826 143;
29708 4241970 883;
30591 4253123 141;
30732 4253265 885;
31617 4262366 139;
31756 4262506 887;
32643 4272636 125;
58:
0 4024320 12;
12 4024333 1024;
1036 4025359 1024;
2060 4026384 1003;
3063 4028414 21;
3084 4028436 1005;
4089 4030984 19;
4108 4031004 491;
4599 4032522 533;
5132 4033056 493;
5625 4039681 531;
6156 4040213 495;
6651 4043789 529;
7180 4044319 1024;
8204 4045344 499;
8703 4047897 525;
9228 4048423 501;
9729 4052005 523;
10252 4052529 1024;
11276 4053554 505;
11781 4057140 519;
12300 4057660 507;
12807 4059194 517;
13324 4059712 509;
13833 4062275 515;
14348 4062791 441;
14789 4063746 6;
14795 4066383 577;
15372 4066961 449;
15821 4070491 575;
16396 4071067 451;
16847 4072545 573;
17420 4073119 453;
17873 4080761 571;
18444 4081333 455;
18899 4118586 569;
19468 4119156 457;
19925 4129288 567;
20492 4129856 27;
20519 4141180 997;
21516 4142178 29;
21545 4150423 995;
22540 4151419 31;
22571 4156585 993;
23564 4157579 33;
23597 4167882 991;
24588 4168874 35;
24623 4184314 989;
25612 4185304 37;
25649 4195611 987;
26636 4196599 39;
26675 4208962 985;
27660 4209948 41;
27701 4226421 651;
28352 4237718 332;
28684 4238051 694;
29378 4246961 330;
29708 4247292 696;
30404 4256204 328;
30732 4256533 698;
31430 4268528 326;
31756 4268855 700;
32456 4275717 312;
59:
0 4022272 12;
12 4022285 1024;
1036 4023311 1009;
2045 4027387 15;
2060 4027403 1011;
3071 4029441 13;
3084 4029455 1009;
4093 4031495 15;
4108 4031511 1011;
5119 4033549 13;
5132 4033563 997;
6129 4040708 27;
6156 4040736 999;
7155 4042762 25;
7180 4042788 1001;
8181 4046870 23;
8204 4046894 1003;
9207 4050978 21;
9228 4051000 1005;
10233 4054059 19;
10252 4054079 1007;
11259 4056113 17;
11276 4056131 1009;
12285 4060221 15;
12300 4060237 1011;
13311 4063752 13;
13324 4063766 563;
13887 4065356 461;
14348 4065818 565;
14913 4068437 459;
15372 4068897 567;
15939 4071518 457;
16396 4071976 569;
16965 4079734 455;
17420 4080190 571;
17991 4083842 453;
18444 4084296 573;
19017 4122694 451;
19468 4123146 575;
20043 4129282 6;
20049 4142207 443;
20492 4142651 583;
21075 4162056 441;
21516 4162498 249;
21765 4163774 775;
22540 4164550 251;
22791 4170963 773;
23564 4171737 253;
23817 4188422 771;
24588 4189194 255;
24843 4204854 769;
25612 4205624 257;
25869 4212043 767;
26636 4212811 259;
26895 4223340 765;
27660 4224106 261;
27921 4243880 763;
28684 4244644 263;
28947 4259285 555;
29502 4263393 206;
29708 4263600 820;
30528 4274690 204;
30732 4274895 822;
31554 4277771 202;
31756 4277974 824;
32580 4280852 188;
11:
0 4034560 12;
12 4034573 1024;
1036 4035599 1024;
2060 4036624 1024;
3084 4037649 1024;
4108 4038674 1007;
5115 4041735 17;
5132 4041753 1009;
6141 4045843 15;
6156 4045859 1011;
7167 4048924 13;
7180 4048938 1024;
8204 4049963 1015;
9219 4055086 9;
9228 4055096 1017;
10245 4058167 7;
10252 4058175 1019;
11271 4061248 5;
11276 4061254 1021;
12297 4064329 3;
12300 4064333 1023;
13323 4067410 1;
13324 4067412 1024;
14348 4069464 1024;
15372 4070489 2;
15374 4073572 1022;
16396 4074595 1024;
17420 4075620 6;
17426 4082815 1018;
18444 4083834 8;
18452 4092058 1016;
19468 4093075 10;
19478 4121667 1014;
20492 4122682 12;
20504 4136045 1012;
21516 4137058 14;
21530 4148369 1010;
22540 4149380 16;
22556 4160693 843;
23399 4174044 165;
23564 4174210 861;
24425 4183287 163;
24588 4183451 863;
25451 4198692 161;
25612 4198854 865;
26477 4215124 159;
26636 4215284 867;
27503 4228475 157;
27660 4228633 869;
28529 4239772 155;
28684 4239928 871;
29555 4250042 153;
29708 4250196 873;
30581 4265447 151;
30732 4265599 875;
31607 4273663 149;
31756 4273813 877;
32633 4279825 135;
51:
0 4093952 12;
12 4093965 1024;
1036 4094991 1009;
2045 4097544 15;
2060 4097560 1024;
3084 4098585 1024;
4108 4099610 1024;
5132 4100635 1024;
6156 4101660 1024;
7180 4102685 1024;
8204 4103710 1024;
9228 4104735 1024;
10252 4105760 1024;
11276 4106785 1024;
12300 4107810 1024;
13324 4108835 1024;
14348 4109860 1024;
15372 4110885 1024;
16396 4111910 1024;
17420 4112935 1024;
18444 4113960 518;
18962 4120640 506;
19468 4121147 520;
19988 4131937 504;
20492 4132442 522;
21014 4146315 502;
21516 4146818 524;
22040 4154531 500;
22540 4155032 526;
23066 4168909 498;
23564 4169408 528;
24092 4179179 496;
24588 4179676 530;
25118 4197665 494;
25612 4198160 532;
26144 4206908 492;
26636 4207401 534;
27170 4222313 490;
27660 4222804 536;
28196 4238745 488;
28684 4239234 538;
29222 4260360 486;
29708 4260847 492;
30200 4266474 532;
30732 4267007 494;
31226 4276744 530;
31756 4277275 496;
32252 4278798 516;
4:
0 4281879 12;
12 4281892 43;
55 4282167 64;
119 4282959 128;
247 4285391 256;
503 4291023 512;
1015 4296655 21;
1036 4296678 1001;
2037 4314111 23;
2060 4314135 1001;
3061 4325890 6;
3067 4348941 17;
3084 4348959 993;
4077 4388898 31;
4108 4388930 995;
5103 4415502 29;
5132 4415532 997;
6129 4439123 27;
6156 4439151 913;
7069 4475917 111;
7180 4476029 915;
8095 4510751 109;
8204 4510861 917;
9121 4561933 107;
9228 4562041 919;
10147 4614154 105;
10252 4614260 921;
11173 4645991 103;
11276 4646095 923;
12199 4675774 101;
12300 4675876 925;
13225 4705557 99;
13324 4705657 927;
14251 4744583 97;
14348 4744681 929;
15277 4787717 95;
15372 4787813 931;
16303 4815446 93;
16396 4815540 933;
17329 4851391 91;
17420 4851483 935;
18355 4880147 89;
18444 4880237 937;
19381 4914038 87;
19468 4914126 939;
20407 4949983 85;
20492 4950069 941;
21433 4973604 83;
21516 4973688 943;
22459 5005441 81;
22540 5005523 945;
23485 5047548 79;
23564 5047628 947;
24511 5098898 77;
24588 5098976 949;
25537 5132789 75;
25612 5132865 951;
26563 5165653 73;
26636 5165727 953;
27589 5195436 71;
27660 5195508 955;
28615 5222138 69;
28684 5222208 957;
29641 5248840 67;
29708 5248908 959;
30667 5275542 65;
30732 5275608 40;
30772 5276168 401;
31173 5287866 583;
31756 5288450 443;
32199 5310460 569;
5:
0 4304896 12;
12 4304909 107;
119 4305072 128;
247 4306160 768;
1015 4307952 21;
1036 4307975 1001;
2037 4319230 2;
2039 4322299 21;
2060 4322321 1005;
3065 4358664 19;
3084 4358684 497;
3581 4363289 527;
4108 4363817 499;
4607 4410367 525;
5132 4410893 501;
5633 4424200 523;
6156 4424724 21;
6177 4436042 1003;
7180 4437046 23;
7203 4487178 1001;
8204 4488180 25;
8229 4515886 999;
9228 4516886 27;
9255 4522498 6;
9261 4563987 991;
10252 4564979 35;
10287 4597782 989;
11276 4598772 37;
11313 4620802 6;
11319 4635721 981;
12300 4636703 45;
12345 4654207 979;
13324 4655187 47;
13371 4682963 977;
14348 4683941 49;
14397 4700422 975;
15372 4701398 51;
15423 4728151 973;
16396 4729125 53;
16449 4775393 971;
17420 4776365 55;
17475 4806203 969;
18444 4807173 57;
18501 4831878 967;
19468 4832846 59;
19527 4858580 965;
20492 4859546 61;
20553 4884255 963;
21516 4885219 63;
21579 4916092 961;
22540 4917054 65;
22605 4940740 959;
23564 4941700 67;
23631 4985928 957;
24588 4986886 69;
24657 5025981 955;
25612 5026937 71;
25683 5056791 953;
26636 5057745 73;
26709 5083493 951;
27660 5084445 75;
27735 5112328 948;
28683 5130735 1;
28684 5130737 1024;
29708 5163599 1024;
30732 5164624 2;
30734 5205706 1022;
31756 5206729 4;
31760 5238570 1008;
7:
0 4319232 12;
12 4319245 1024;
1036 4320271 1024;
2060 4321296 1003;
3063 4353019 21;
3084 4353041 1005;
4089 4391979 19;
4108 4391999 1007;
5115 4424745 17;
5132 4424763 1009;
6141 4458512 15;
6156 4458528 1011;
7167 4503562 13;
7180 4503576 1013;
8193 4555266 6;
8199 4559879 5;
8204 4559885 1021;
9225 4600863 3;
9228 4600867 1023;
10251 4641883 1;
10252 4641885 1024;
11276 4688098 1024;
12300 4689123 2;
12302 4710692 1022;
13324 4711715 4;
13328 4757934 1020;
14348 4758955 6;
14354 4790798 1018;
15372 4791817 8;
15380 4823662 1016;
16396 4824679 10;
16406 4855499 1014;
17420 4856514 12;
17432 4911984 1012;
18444 4912997 14;
18458 4947929 39;
18497 4948488 468;
18965 4958199 503;
19468 4958703 523;
19991 4995171 501;
20492 4995673 525;
21017 5015711 499;
21516 5016211 527;
22043 5048575 497;
22540 5049073 529;
23069 5081439 495;
23564 5081935 531;
24095 5101979 493;
24588 5102473 533;
25121 5146140 491;
25612 5146632 535;
26147 5177977 489;
26636 5178467 537;
27173 5212895 487;
27660 5213383 539;
28199 5235489 485;
28684 5235975 541;
29225 5256029 483;
29708 5256513 543;
30251 5277596 481;
30732 5278078 545;
31277 5296082 479;
31756 5296562 547;
32303 5316622 465;
6:
0 4349952 12;
12 4349965 1024;
1036 4350991 1024;
2060 4352016 1003;
3063 4354046 21;
3084 4354068 1005;
4089 4386844 19;
4108 4386864 1007;
5115 4425772 17;
5132 4425790 1009;
6141 4455431 15;
6156 4455447 1001;
7157 4476944 23;
7180 4476968 1003;
8183 4500481 21;
8204 4500503 1005;
9209 4530198 19;
9228 4530218 1007;
10235 4582431 17;
10252 4582449 1009;
11261 4631613 15;
11276 4631629 1011;
12287 4678855 13;
12300 4678869 1013;
13313 4686338 6;
13319 4712746 5;
13324 4712752 1021;
14345 4742529 3;
14348 4742533 1023;
15371 4761015 1;
15372 4761017 1024;
16396 4782582 1024;
17420 4783607 2;
17422 4814419 1022;
18444 4815442 4;
18448 4843175 1020;
19468 4844196 6;
19474 4850178 6;
19480 4877066 1012;
20492 4878079 14;
20506 4899660 1010;
21516 4900671 16;
21532 4918146 1008;
22540 4919155 18;
22558 4948956 1006;
23564 4949963 20;
23584 4982847 1004;
24588 4983852 22;
24610 5021873 1002;
25612 5022876 24;
25636 5063980 1000;
26636 5064981 26;
26662 5100952 998;
27660 5101951 28;
27688 5135870 996;
28684 5136867 30;
28714 5169761 994;
29708 5170756 32;
29740 5201598 992;
30732 5202591 34;
30766 5234462 990;
31756 5235453 36;
31792 5265272 976;
15:
0 4327424 12;
12 4327437 235;
247 4328176 256;
503 4328944 533;
1036 4329479 1001;
2037 4332531 23;
2060 4332555 1024;
3084 4333580 1005;
4089 4345860 19;
4108 4345880 1007;
5115 4366370 17;
5132 4366388 1009;
6141 4412421 15;
6156 4412437 1011;
7167 4433988 13;
7180 4434002 1013;
8193 4460566 11;
8204 4460578 1015;
9219 4489736 9;
9228 4489746 513;
9741 4511778 511;
10252 4512290 515;
10767 4560906 509;
11276 4561416 517;
11793 4617235 507;
12300 4617743 519;
12819 4655234 505;
13324 4655740 521;
13845 4677828 503;
14348 4678332 523;
14871 4717881 501;
15372 4718383 209;
15581 4733286 815;
16396 4734102 211;
16607 4771285 813;
17420 4772099 213;
17633 4816473 423;
18056 4817416 84;
18140 4830851 304;
18444 4831156 722;
19166 4865769 302;
19468 4866072 724;
20192 4900687 300;
20492 4900988 726;
21218 4926362 298;
21516 4926661 728;
22244 4965388 296;
22540 4965685 730;
23270 5009549 294;
23564 5009844 732;
24296 5043440 292;
24588 5043733 734;
25322 5072196 290;
25612 5072487 736;
26348 5115330 288;
26636 5115619 738;
27374 5145113 286;
27660 5145400 740;
28400 5170788 284;
28684 5171073 742;
29426 5203652 282;
29708 5203935 744;
30452 5230354 280;
30732 5230635 746;
31478 5251921 278;
31756 5252200 748;
32504 5281704 264;
14:
0 4281935 12;
12 4281948 107;
119 4282295 128;
247 4283983 256;
503 4289999 512;
1015 4295631 21;
1036 4295654 1001;
2037 4312057 23;
2060 4312081 1003;
3063 4343806 21;
3084 4343828 1005;
4089 4387871 19;
4108 4387891 1007;
5115 4421664 17;
5132 4421682 1009;
6141 4447239 15;
6156 4447255 1001;
7157 4491286 23;
7180 4491310 1003;
8183 4529171 21;
8204 4529193 1005;
9209 4576269 19;
9228 4576289 1007;
10235 4622370 17;
10252 4622388 1009;
11261 4653576 15;
11276 4653592 615;
11891 4666531 409;
12300 4666941 617;
12917 4694260 407;
13324 4694668 619;
13943 4730205 405;
14348 4730611 621;
14969 4758961 403;
15372 4759365 623;
15995 4780528 401;
16396 4780930 625;
17021 4784642 6;
17027 4807230 393;
17420 4807624 633;
18053 4839067 391;
18444 4839459 635;
19079 4868850 389;
19468 4869240 637;
20105 4898633 387;
20492 4899021 639;
21131 4930470 385;
21516 4930856 641;
22157 4943821 383;
22540 4944205 643;
23183 4998252 381;
23564 4998634 645;
24209 5030089 379;
24588 5030469 647;
25235 5044467 377;
25612 5044845 649;
26261 5069115 375;
26636 5069491 651;
27287 5125600 373;
27660 5125974 653;
28313 5173869 371;
28684 5174241 655;
29339 5207760 369;
29708 5208130 657;
30365 5245759 367;
30732 5246127 659;
31391 5272461 365;
31756 5272827 661;
32417 5276162 6;
32423 5306352 345;
20:
0 4282055 12;
12 4282068 43;
55 4282231 64;
119 4282423 128;
247 4283151 256;
503 4284879 512;
1015 4288975 21;
1036 4288998 1001;
2037 4301266 23;
2060 4301290 1024;
3084 4302315 1005;
4089 4318203 19;
4108 4318223 1007;
5115 4336639 17;
5132 4336657 1009;
6141 4356100 15;
6156 4356116 1011;
7167 4393006 13;
7180 4393020 1013;
8193 4416529 11;
8204 4416541 1015;
9219 4445185 9;
9228 4445195 1017;
10245 4484097 7;
10252 4484105 1019;
11271 4524036 5;
11276 4524042 1021;
12297 4577296 3;
12300 4577300 1023;
13323 4633667 1;
13324 4633669 1024;
14348 4659342 1024;
15372 4660367 2;
15374 4692206 1022;
16396 4693229 4;
16400 4734313 1020;
17420 4735334 6;
17426 4766150 1018;
18444 4767169 8;
18452 4810311 1016;
19468 4811328 10;
19478 4832905 1014;
20492 4833920 12;
20504 4860634 1012;
21516 4861647 14;
21530 4897606 1010;
22540 4898617 16;
22556 4933551 1008;
23564 4934560 18;
23582 4963334 1006;
24588 4964341 20;
24608 4990036 1004;
25612 4991041 22;
25634 5020846 1002;
26636 5021849 24;
26660 5053710 1000;
27660 5054711 26;
27686 5090682 998;
28684 5091681 28;
28712 5119438 996;
29708 5120435 30;
29738 5147167 994;
30732 5148162 32;
30764 5176950 394;
31158 5177864 113;
31271 5198517 485;
31756 5199003 541;
32297 5229327 471;
23:
0 4282111 12;
12 4282124 43;
55 4283087 64;
119 4284239 128;
247 4284623 256;
503 4285647 512;
1015 4292559 21;
1036 4292582 26;
1062 4293128 455;
1517 4299215 543;
2060 4299759 480;
2540 4310003 544;
3084 4310548 482;
3566 4342779 542;
4108 4343322 484;
4592 4362262 540;
5132 4362803 486;
5618 4420637 538;
6156 4421176 488;
6644 4452350 536;
7180 4452887 490;
7670 4485124 534;
8204 4485659 492;
8696 4509724 532;
9228 4510257 494;
9722 4548618 530;
10252 4549149 496;
10748 4596755 528;
11276 4597284 498;
11774 4628532 526;
12300 4629059 500;
12800 4657288 524;
13324 4657813 502;
13826 4690152 522;
14348 4690675 504;
14852 4719935 520;
15372 4720456 506;
15878 4747664 518;
16396 4748183 508;
16904 4783609 516;
17420 4784126 2;
17422 4801068 1022;
18444 4802091 4;
18448 4827770 1020;
19468 4828791 6;
19474 4857553 1018;
20492 4858572 8;
20500 4896579 1016;
21516 4897596 10;
21526 4939713 1014;
22540 4940728 12;
22552 4976685 1012;
23564 4977698 14;
23578 5010576 1010;
24588 5011587 16;
24604 5039332 1008;
25612 5040341 18;
25630 5073223 1006;
26636 5074230 20;
26656 5099925 1004;
27660 5100930 22;
27682 5134843 1002;
28684 5135846 24;
28708 5167707 1000;
29708 5168708 26;
29734 5200571 998;
30732 5201570 28;
30760 5231381 996;
31756 5232378 30;
31786 5268353 982;
30:
0 4282551 12;
12 4282564 43;
55 4282719 64;
119 4283535 128;
247 4286159 256;
503 4292047 512;
1015 4294607 21;
1036 4294630 1001;
2037 4311030 23;
2060 4311054 1003;
3063 4335612 21;
3084 4335634 1005;
4089 4357127 19;
4108 4357147 997;
5105 4368424 27;
5132 4368452 999;
6131 4398141 25;
6156 4398167 1001;
7157 4427826 23;
7180 4427850 1003;
8183 4437069 21;
8204 4437091 1005;
9209 4463647 19;
9228 4463667 1007;
10235 4505616 17;
10252 4505634 1009;
11261 4570107 15;
11276 4570123 1011;
12287 4618262 13;
12300 4618276 1013;
13313 4658315 11;
13324 4658327 1015;
14339 4708638 9;
14348 4708648 1017;
15365 4732259 7;
15372 4732267 1019;
16391 4767177 5;
16396 4767183 1021;
17417 4799014 3;
17420 4799018 1023;
18443 4840094 1;
18444 4840096 1024;
19468 4866796 1024;
20492 4867821 2;
20494 4905822 1022;
21516 4906845 4;
21520 4924308 1020;
22540 4925329 6;
22546 4961280 1018;
23564 4962299 8;
23572 5006468 1016;
24588 5007485 10;
24598 5042413 1014;
25612 5043428 12;
25624 5068088 1012;
26636 5069101 14;
26650 5110195 1010;
27660 5111206 16;
27676 5141005 1008;
28684 5142014 18;
28702 5183112 1006;
29708 5184119 20;
29728 5209814 298;
30026 5210632 209;
30235 5215976 497;
30732 5216474 529;
31261 5260137 495;
31756 5260633 531;
32287 5280677 481;
29:
0 4282607 12;
12 4282620 43;
55 4283663 64;
119 4284367 128;
247 4286671 256;
503 4290511 512;
1015 4293583 21;
1036 4293606 1001;
2037 4303320 23;
2060 4303344 1003;
3063 4344833 21;
3084 4344855 1005;
4089 4385817 19;
4108 4385837 1007;
5115 4414475 17;
5132 4414493 1009;
6141 4424194 6;
6147 4438096 9;
6156 4438106 1017;
7173 4462620 7;
7180 4462628 1019;
8199 4499454 5;
8204 4499460 1021;
9225 4527117 3;
9228 4527121 1023;
10251 4546564 1;
10252 4546566 1024;
11276 4604971 981;
12257 4637775 43;
12300 4637819 983;
13283 4672693 41;
13324 4672735 985;
14309 4701449 39;
14348 4701489 987;
15335 4719106 6;
15341 4738421 31;
15372 4738453 995;
16367 4765123 29;
16396 4765153 997;
17393 4802095 27;
17420 4802123 999;
18419 4826743 25;
18444 4826769 1001;
19445 4862688 23;
19468 4862712 1003;
20471 4904795 21;
20492 4904817 1005;
21497 4915714 6;
21503 4942794 13;
21516 4942808 1013;
22529 4972577 11;
22540 4972589 1015;
23555 5019819 9;
23564 5019829 1017;
24581 5054737 7;
24588 5054745 1019;
25607 5095817 5;
25612 5095823 1021;
26633 5112322 3;
26636 5112326 2;
26638 5131762 1022;
27660 5132785 4;
27664 5150248 1020;
28684 5151269 6;
28690 5184139 1018;
29708 5185158 8;
29716 5204679 1016;
30732 5205696 10;
30742 5232408 1014;
31756 5233423 12;
31768 5255002 1000;
39:
0 4282663 12;
12 4282676 43;
55 4282895 64;
119 4283727 128;
247 4286415 256;
503 4287183 512;
1015 4287951 21;
1036 4287974 1001;
2037 4300239 23;
2060 4300263 1003;
3063 4308976 21;
3084 4308998 1005;
4089 4313084 19;
4108 4313104 1007;
5115 4338693 17;
5132 4338711 1001;
6133 4359181 23;
6156 4359205 1003;
7159 4369451 21;
7180 4369473 959;
8139 4411394 65;
8204 4411460 961;
9165 4431934 63;
9228 4431998 963;
10191 4456968 61;
10252 4457030 455;
10707 4464674 569;
11276 4465244 457;
11733 4504589 567;
12300 4505157 459;
12759 4534306 565;
13324 4534872 461;
13785 4572161 563;
14348 4572725 463;
14811 4629559 561;
15372 4630121 465;
15837 4669612 559;
16396 4670172 467;
16863 4699395 557;
17420 4699953 469;
17889 4731232 555;
18444 4731788 471;
18915 4756907 553;
19468 4757461 473;
19941 4794906 551;
20492 4795458 475;
20967 4820581 549;
21516 4821131 477;
21993 4852418 547;
22540 4852966 479;
23019 4890417 545;
23564 4890963 481;
24045 4929443 543;
24588 4929987 483;
25071 4964361 541;
25612 4964903 485;
26097 4992090 539;
26636 4992630 487;
27123 5028035 537;
27660 5028573 489;
28149 5075277 535;
28684 5075813 491;
29175 5087601 533;
29708 5088135 493;
30201 5124573 531;
30732 5125105 495;
31227 5157437 529;
31756 5157967 497;
32253 5181058 515;
46:
0 4282807 12;
12 4282820 11;
23 4282863 32;
55 4283407 64;
119 4283855 128;
247 4287695 256;
503 4291535 512;
1015 4298191 21;
1036 4298214 1001;
2037 4326407 23;
2060 4326431 993;
3053 4361235 31;
3084 4361267 995;
4079 4394033 29;
4108 4394063 997;
5105 4419610 27;
5132 4419638 999;
6131 4454404 25;
6156 4454430 1001;
7157 4501508 23;
7180 4501532 1003;
8183 4526090 21;
8204 4526112 1005;
9209 4579350 19;
9228 4579370 1007;
10235 4621343 17;
10252 4621361 1009;
11261 4661396 15;
11276 4661412 1011;
12287 4698368 13;
12300 4698382 1013;
13313 4727124 11;
13324 4727136 1015;
14339 4754853 9;
14348 4754863 1017;
15365 4781555 7;
15372 4781563 1019;
16391 4818527 5;
16396 4818533 1021;
17417 4864742 3;
17420 4864746 1023;
18443 4888363 1;
18444 4888365 1024;
19468 4928416 1024;
20492 4929441 2;
20494 4954091 1022;
21516 4955114 4;
21520 4981820 1020;
22540 4982841 6;
22546 5023927 1018;
23564 5024946 8;
23572 5050629 1016;
24588 5051646 10;
24598 5074250 1014;
25612 5075265 12;
25624 5109168 1012;
26636 5110181 14;
26650 5137924 1010;
27660 5138935 16;
27676 5172842 1008;
28684 5173851 18;
28702 5197490 1006;
29708 5198497 20;
29728 5223165 1004;
30732 5224170 22;
30754 5263218 1002;
31756 5264221 24;
31780 5283758 988;
47:
0 4282783 12;
12 4282796 11;
23 4282831 32;
55 4283471 64;
119 4284495 128;
247 4286927 256;
503 4297679 512;
1015 4304347 21;
1036 4304370 526;
1562 4324353 498;
2060 4324852 524;
2584 4355073 500;
3084 4355574 526;
3610 4367397 498;
4108 4367896 528;
4636 4391426 6;
4642 4399168 490;
5132 4399659 536;
5668 4435015 488;
6156 4435504 538;
6694 4470782 486;
7180 4471269 540;
7720 4506643 484;
8204 4507128 542;
8746 4551699 482;
9228 4552182 522;
9750 4602917 502;
10252 4603420 524;
10776 4623397 500;
11276 4623898 526;
11802 4650099 498;
12300 4650598 528;
12828 4680909 496;
13324 4681406 530;
13854 4724043 494;
14348 4724538 532;
14880 4752799 492;
15372 4753292 534;
15906 4796960 490;
16396 4797451 536;
16932 4837013 488;
17420 4837502 538;
17958 4875012 486;
18444 4875499 540;
18984 4902741 484;
19468 4903226 542;
20010 4945875 482;
20492 4946358 544;
21036 4987982 480;
21516 4988463 546;
22062 5014024 478;
22540 5014503 181;
22721 5034197 843;
23564 5035041 183;
23747 5077331 841;
24588 5078173 185;
24773 5097871 839;
25612 5098711 187;
25799 5133816 837;
26636 5134654 189;
26825 5161545 835;
27660 5162381 191;
27851 5190301 833;
28684 5191135 193;
28877 5259110 831;
29708 5259942 195;
29903 5290947 829;
30732 5291777 197;
30929 5314568 827;
31756 5315396 199;
31955 5323811 813;
45:
0 4305016 12;
12 4305029 43;
55 4305200 960;
1015 4306928 21;
1036 4306951 1001;
2037 4323326 23;
2060 4323350 1003;
3063 4358658 6;
3069 4364316 15;
3084 4364332 1011;
4095 4426799 13;
4108 4426813 1013;
5121 4446212 11;
5132 4446224 1015;
6147 4474890 9;
6156 4474900 1017;
7173 4502535 7;
7180 4502543 1019;
8199 4525063 5;
8204 4525069 1021;
9225 4549645 3;
9228 4549649 1023;
10251 4580377 1;
10252 4580379 1024;
11276 4639829 1024;
12300 4640854 2;
12302 4683990 1022;
13324 4685013 4;
13328 4721989 1020;
14348 4723010 6;
14354 4763069 1018;
15372 4764088 8;
15380 4788744 1016;
16396 4789761 10;
16406 4828797 1014;
17420 4829812 12;
17432 4859607 1012;
18444 4860620 14;
18458 4891444 1010;
19468 4892455 16;
19484 4923281 1008;
20492 4924290 18;
20510 4941767 1006;
21516 4942774 20;
21536 4948482 6;
21542 4983874 998;
22540 4984873 28;
22568 5017765 996;
23564 5018762 30;
23594 5060899 994;
24588 5061894 32;
24620 5093763 992;
25612 5094756 34;
25646 5123546 990;
26636 5124537 36;
26672 5164626 988;
27660 5165615 38;
27698 5224192 986;
28684 5225179 40;
28724 5243705 984;
29708 5244690 42;
29750 5273488 982;
30732 5274471 44;
30776 5288893 980;
31756 5289874 46;
31802 5308406 10;
31812 5308936 497;
32309 5320730 459;
52:
0 4315136 12;
12 4315149 1024;
1036 4316175 1024;
2060 4317200 1003;
3063 4325896 21;
3084 4325918 489;
3573 4346887 535;
4108 4347423 491;
4599 4365343 533;
5132 4365877 493;
5625 4395060 531;
6156 4395592 495;
6651 4428853 529;
7180 4429383 497;
7677 4444158 527;
8204 4444686 499;
8703 4471809 525;
9228 4472335 501;
9729 4494367 523;
10252 4494891 469;
10721 4528144 555;
11276 4528700 471;
11747 4574215 553;
12300 4574769 473;
12773 4619289 551;
13324 4619841 447;
13771 4652153 577;
14348 4652731 325;
14673 4686344 699;
15372 4687044 27;
15399 4711719 997;
16396 4712717 29;
16425 4740475 995;
17420 4741471 31;
17451 4772312 993;
18444 4773306 33;
18477 4803122 991;
19468 4804114 35;
19503 4838040 989;
20492 4839030 37;
20529 4869877 987;
21516 4870865 39;
21555 4907876 985;
22540 4908862 41;
22581 4921227 983;
23564 4922211 43;
23607 4962307 981;
24588 4963289 45;
24633 4989009 979;
25612 4989989 47;
25659 5029062 977;
26636 5030040 49;
26685 5079560 852;
27537 5103006 123;
27660 5103130 903;
28563 5139978 121;
28684 5140100 905;
29589 5188247 119;
29708 5188367 907;
30615 5210841 117;
30732 5210959 909;
31641 5225219 115;
31756 5225335 911;
32667 5240624 101;
37:
0 4327672 12;
12 4327685 491;
503 4328432 512;
1015 4330480 21;
1036 4330503 1024;
2060 4331528 1003;
3063 4334585 21;
3084 4334607 1005;
4089 4337666 19;
4108 4337686 1007;
5115 4347914 17;
5132 4347932 1009;
6141 4389925 15;
6156 4389941 971;
7127 4400195 53;
7180 4400249 903;
8083 4418583 121;
8204 4418705 905;
9109 4432961 119;
9228 4433081 907;
10135 4456962 6;
10141 4465701 111;
10252 4465813 875;
11127 4492313 149;
11276 4492463 877;
12153 4537387 147;
12300 4537535 879;
13179 4588034 6;
13185 4593674 139;
13324 4593814 887;
14211 4632640 137;
14348 4632778 889;
15237 4660369 135;
15372 4660505 891;
16263 4681936 133;
16396 4682070 893;
17289 4716854 131;
17420 4716986 895;
18315 4743556 129;
18444 4743686 897;
19341 4792852 127;
19468 4792980 899;
20367 4825716 125;
20492 4825842 901;
21393 4847283 123;
21516 4847407 903;
22419 4886309 121;
22540 4886431 905;
23445 4925335 119;
23564 4925455 907;
24471 4968469 117;
24588 4968587 909;
25497 5004414 115;
25612 5004530 911;
26523 5018792 113;
26636 5018906 913;
27549 5052683 111;
27660 5052795 915;
28575 5070142 109;
28684 5070252 917;
29601 5079554 6;
29607 5104033 101;
29708 5104135 925;
30633 5138951 99;
30732 5139051 927;
31659 5160518 97;
31756 5160616 929;
32685 5202625 83;
44:
0 4339712 12;
12 4339725 1024;
1036 4340751 1024;
2060 4341776 1003;
3063 4360208 21;
3084 4360230 1005;
4089 4396087 19;
4108 4396107 1007;
5115 4422691 17;
5132 4422709 971;
6103 4459539 53;
6156 4459593 973;
7129 4490259 51;
7180 4490311 975;
8155 4533279 49;
8204 4533329 977;
9181 4581404 47;
9228 4581452 979;
10207 4644964 45;
10252 4645010 981;
11233 4670639 43;
11276 4670683 983;
12259 4704530 41;
12300 4704572 985;
13285 4723016 39;
13324 4723056 987;
14311 4748691 37;
14348 4748729 989;
15337 4751874 6;
15343 4786690 29;
15372 4786720 997;
16369 4813392 27;
16396 4813420 999;
17395 4844202 25;
17420 4844228 1001;
18421 4871931 23;
18444 4871955 1003;
19447 4917119 21;
19468 4917141 1005;
20473 4951010 19;
20492 4951030 1007;
21499 4971550 17;
21516 4971568 1009;
22525 5001333 15;
22540 5001349 1011;
23551 5031116 13;
23564 5031130 1013;
24577 5059872 11;
24588 5059884 1015;
25603 5107114 9;
25612 5107124 1017;
26629 5143059 7;
26636 5143067 1019;
27655 5189274 5;
27660 5189280 1021;
28681 5233435 3;
28684 5233439 1023;
29707 5257056 1;
29708 5257058 1024;
30732 5274515 1024;
31756 5275540 2;
31758 5300190 1010;
63:
0 4370432 12;
12 4370445 1024;
1036 4371471 1009;
2045 4375547 15;
2060 4375563 1024;
3084 4376588 1013;
4097 4378628 11;
4108 4378640 1015;
5123 4380682 9;
5132 4380692 1017;
6149 4382736 7;
6156 4382744 1019;
7175 4384790 5;
7180 4384796 1021;
8201 4413448 3;
8204 4413452 1023;
9227 4443131 1;
9228 4443133 1024;
10252 4488205 1011;
11263 4523009 13;
11276 4523023 1013;
12289 4562960 11;
12300 4562972 1015;
13315 4598809 9;
13324 4598819 1017;
14341 4625451 7;
14348 4625459 1019;
15367 4668585 5;
15372 4668591 1021;
16393 4713773 3;
16396 4713777 1023;
17419 4746637 1;
17420 4746639 1024;
18444 4773339 1024;
19468 4774364 2;
19470 4812365 1022;
20492 4813388 4;
20496 4817410 6;
20502 4848310 1014;
21516 4849325 12;
21528 4881174 1012;
22540 4882187 14;
22554 4906849 1010;
23564 4907860 16;
23580 4955118 1008;
24588 4956127 18;
24606 4970523 1006;
25612 4971530 20;
25632 5007495 1004;
26636 5008500 22;
26658 5014018 6;
26664 5035224 996;
27660 5036221 30;
27690 5067061 994;
28684 5068056 32;
28716 5091709 992;
29708 5092702 34;
29742 5127654 990;
30732 5128645 36;
30768 5152302 988;
31756 5153291 38;
31794 5177858 6;
31800 5217003 968;
60:
0 4372480 12;
12 4372493 1024;
1036 4373519 1024;
2060 4374544 1003;
3063 4377601 21;
3084 4377623 1005;
4089 4379655 19;
4108 4379675 1007;
5115 4381709 17;
5132 4381727 1009;
6141 4383763 15;
6156 4383779 1011;
7167 4391432 13;
7180 4391446 533;
7713 4397114 491;
8204 4397606 535;
8739 4430907 489;
9228 4431397 537;
9765 4453377 487;
10252 4453865 539;
10791 4486151 485;
11276 4486637 541;
11817 4513832 483;
12300 4514316 543;
12843 4538414 481;
13324 4538896 545;
13869 4612100 479;
14348 4612580 547;
14895 4647018 477;
15372 4647496 549;
15921 4687071 475;
16396 4687547 551;
16947 4719112 473;
17420 4719586 349;
17769 4737394 675;
18444 4738070 351;
18795 4770258 673;
19468 4770932 353;
19821 4808257 671;
20492 4808929 355;
20847 4850364 669;
21516 4851034 357;
21873 4876039 667;
22540 4876707 359;
22899 4915065 135;
23034 4915720 372;
23406 4931497 158;
23564 4931656 868;
24432 4959226 156;
24588 4959383 870;
25458 4996198 154;
25612 4996353 872;
26484 5036251 152;
26636 5036404 874;
27510 5046786 6;
27516 5082466 144;
27660 5082611 882;
28542 5120465 142;
28684 5120608 884;
29568 5144086 140;
29708 5144227 349;
30057 5145096 17;
30074 5156410 658;
30732 5157069 368;
31100 5192355 656;
31756 5193012 370;
32126 5211868 642;
55:
0 4401152 12;
12 4401165 1024;
1036 4402191 1024;
2060 4403216 1024;
3084 4404241 1024;
4108 4405266 1024;
5132 4406291 1009;
6141 4409340 15;
6156 4409356 1011;
7167 4417556 13;
7180 4417570 1013;
8193 4457485 11;
8204 4457497 1015;
9219 4477971 9;
9228 4477981 995;
10223 4532252 29;
10252 4532282 997;
11249 4571134 27;
11276 4571162 999;
12275 4615181 25;
12300 4615207 1001;
13301 4636748 23;
13324 4636772 1003;
14327 4671666 21;
14348 4671688 1005;
15353 4696314 19;
15372 4696334 1007;
16379 4725070 17;
16396 4725088 1009;
17405 4774366 15;
17420 4774382 1011;
18431 4822635 13;
18444 4822649 1013;
19457 4861661 11;
19468 4861673 1015;
20483 4882201 9;
20492 4882211 221;
20713 4882952 276;
20989 4892471 527;
21516 4892999 499;
22015 4932524 525;
22540 4933050 501;
23041 4960253 523;
23564 4960777 503;
24067 4986955 521;
24588 4987477 505;
25093 5012630 519;
25612 5013150 354;
25966 5045494 670;
26636 5046165 107;
26743 5076304 917;
27660 5077222 109;
27769 5122519 915;
28684 5123435 111;
28795 5162572 913;
29708 5163486 113;
29821 5196463 911;
30732 5197375 115;
30847 5237543 909;
31756 5238453 117;
31873 5266299 895;
13:
0 4407300 12;
12 4407313 1024;
1036 4408339 1001;
2037 4429880 23;
2060 4429904 1003;
3063 4461593 21;
3084 4461615 1005;
4089 4489730 6;
4095 4512805 13;
4108 4512819 1013;
5121 4539441 11;
5132 4539453 963;
6095 4583458 61;
6156 4583520 965;
7121 4626478 59;
7180 4626538 967;
8147 4653570 6;
8153 4667558 51;
8204 4667610 975;
9179 4695287 49;
9228 4695337 977;
10205 4726097 47;
10252 4726145 979;
11231 4768204 45;
11276 4768250 981;
12257 4793879 43;
12300 4793923 983;
13283 4821608 41;
13324 4821650 985;
14309 4856526 39;
14348 4856566 987;
15335 4908903 37;
15372 4908941 989;
16361 4946902 35;
16396 4946938 991;
17387 4969496 33;
17420 4969530 993;
18413 4993117 31;
18444 4993149 995;
19439 5014684 29;
19468 5014714 997;
20465 5058845 27;
20492 5058873 999;
21491 5092736 25;
21516 5092762 1001;
22517 5111222 23;
22540 5111246 562;
23102 5121492 462;
23564 5121955 564;
24128 5145090 6;
24134 5171815 454;
24588 5172270 572;
25160 5199544 452;
25612 5199997 574;
26186 5227273 450;
26636 5227724 576;
27212 5243394 6;
27218 5279650 442;
27660 5280093 584;
28244 5293001 440;
28684 5293442 586;
29270 5311487 438;
29708 5311926 588;
30296 5324838 436;
30732 5325275 590;
31322 5336135 434;
31756 5336570 592;
32348 5346405 420;
12:
0 4440064 12;
12 4440077 1024;
1036 4441103 1024;
2060 4442128 1003;
3063 4472836 21;
3084 4472858 1005;
4089 4507670 19;
4108 4507690 1007;
5115 4531225 17;
5132 4531243 1009;
6141 4566041 15;
6156 4566057 983;
7139 4603944 41;
7180 4603986 985;
8165 4640856 39;
8204 4640896 987;
9191 4679882 37;
9228 4679920 989;
10217 4715827 35;
10252 4715863 991;
11243 4745610 33;
11276 4745644 993;
12269 4778474 31;
12300 4778506 995;
13295 4809284 29;
13324 4809314 997;
14321 4842148 27;
14348 4842176 999;
15347 4879120 25;
15372 4879146 1001;
16373 4901714 23;
16396 4901738 1003;
17399 4936632 21;
17420 4936654 1005;
18425 4974631 19;
18444 4974651 1007;
19451 4994144 17;
19468 4994162 1009;
20477 5041386 15;
20492 5041402 1011;
21503 5084520 13;
21516 5084534 1013;
22529 5116357 11;
22540 5116369 1015;
23555 5154356 9;
23564 5154366 1017;
24581 5179004 7;
24588 5179012 1019;
25607 5213922 5;
25612 5213928 1021;
26633 5241651 3;
26636 5241655 1023;
27659 5264245 1;
27660 5264247 1024;
28684 5285812 1024;
29708 5286837 2;
29710 5307379 1022;
30732 5308402 4;
30736 5318676 1020;
31756 5319697 6;
31762 5328946 1006;
31:
0 4448256 12;
12 4448269 1024;
1036 4449295 1024;
2060 4450320 1024;
3084 4451345 1005;
4089 4473863 19;
4108 4473883 1007;
5115 4516913 17;
5132 4516931 957;
6089 4565014 67;
6156 4565082 959;
7115 4594701 65;
7180 4594767 961;
8141 4651126 63;
8204 4651190 963;
9167 4673720 61;
9228 4673782 965;
10193 4706584 59;
10252 4706644 967;
11219 4749718 57;
11276 4749776 969;
12245 4789771 55;
12300 4789827 971;
13271 4824689 53;
13324 4824743 973;
14297 4845229 51;
14348 4845281 975;
15323 4889390 49;
15372 4889440 977;
16349 4922254 47;
16396 4922302 979;
17375 4966415 45;
17420 4966461 981;
18401 5008522 43;
18444 5008566 983;
19427 5049602 41;
19468 5049644 985;
20453 5085547 39;
20492 5085587 987;
21479 5126627 37;
21516 5126665 989;
22505 5158464 35;
22540 5158500 991;
23531 5182085 33;
23564 5182119 993;
24557 5210626 6;
24563 5226246 25;
24588 5226272 1001;
25589 5242678 23;
25612 5242702 178;
25790 5243400 305;
26095 5252948 541;
26636 5253490 485;
27121 5284785 539;
27660 5285325 487;
28147 5302244 537;
28684 5302782 489;
29173 5315595 535;
29708 5316131 491;
30199 5332027 533;
30732 5332561 493;
31225 5344351 531;
31756 5344883 495;
32251 5351540 517;
36:
0 4478976 12;
12 4478989 1024;
1036 4480015 1024;
2060 4481040 1024;
3084 4482065 1024;
4108 4483090 1007;
5115 4514859 17;
5132 4514877 1009;
6141 4545537 15;
6156 4545553 1011;
7167 4575242 13;
7180 4575256 1013;
8193 4620808 11;
8204 4620820 523;
8727 4634694 501;
9228 4635196 525;
9753 4662423 499;
10252 4662923 527;
10779 4697341 497;
11276 4697839 529;
11805 4729178 495;
12300 4729674 531;
12831 4755880 493;
13324 4756374 533;
13857 4777447 491;
14348 4777939 535;
14883 4800041 489;
15372 4800531 537;
15909 4829824 487;
16396 4830312 539;
16935 4872958 485;
17420 4873444 541;
17961 4903768 483;
18444 4904252 543;
18987 4937659 481;
19468 4938141 545;
20013 4956145 479;
20492 4956625 547;
21039 4979766 477;
21516 4980244 492;
22008 5027008 532;
22540 5027541 494;
23034 5062953 530;
23564 5063484 496;
24060 5094790 528;
24588 5095319 498;
25086 5128681 526;
25612 5129208 500;
26112 5175923 524;
26636 5176448 502;
27138 5208787 522;
27660 5209310 504;
28164 5228300 520;
28684 5228821 506;
29190 5249867 518;
29708 5250386 508;
30216 5262191 516;
30732 5262708 510;
31242 5278623 514;
31756 5279138 512;
32268 5299163 500;
38:
0 4466688 12;
12 4466701 1024;
1036 4467727 1024;
2060 4468752 1024;
3084 4469777 1005;
4089 4493340 19;
4108 4493360 1007;
5115 4536360 17;
5132 4536378 1009;
6141 4584485 15;
6156 4584501 971;
7127 4648045 53;
7180 4648099 973;
8153 4691179 51;
8204 4691231 975;
9179 4741502 49;
9228 4741552 977;
10205 4776420 47;
10252 4776468 979;
11231 4817500 45;
11276 4817546 981;
12257 4846256 43;
12300 4846300 983;
13283 4893498 41;
13324 4893540 985;
14309 4938686 39;
14348 4938726 987;
15335 4984901 37;
15372 4984939 989;
16361 5016738 35;
16396 5016774 991;
17387 5040359 33;
17420 5040393 993;
18413 5071169 31;
18444 5071201 995;
19439 5105060 29;
19468 5105090 997;
20465 5149221 27;
20492 5149249 999;
21491 5187220 25;
21516 5187246 1001;
22517 5239597 23;
22540 5239621 1003;
23543 5270407 21;
23564 5270429 1005;
24569 5291974 19;
24588 5291994 1007;
25595 5309433 17;
25612 5309451 1009;
26621 5322784 15;
26636 5322800 1011;
27647 5333054 13;
27660 5333068 1013;
28673 5342297 11;
28684 5342309 1015;
29699 5353594 9;
29708 5353604 1017;
30725 5358729 7;
30732 5358737 1019;
31751 5360783 5;
31756 5360789 1012;
28:
0 4495360 12;
12 4495373 1024;
1036 4496399 1024;
2060 4497424 1024;
3084 4498449 1005;
4089 4508697 19;
4108 4508717 1007;
5115 4547591 17;
5132 4547609 1009;
6141 4592647 15;
6156 4592663 1011;
7167 4624424 13;
7180 4624438 1013;
8193 4656261 11;
8204 4656273 1015;
9219 4689125 9;
9228 4689135 1017;
10245 4709665 7;
10252 4709673 1019;
11271 4753826 5;
11276 4753832 1021;
12297 4791825 3;
12300 4791829 1023;
13323 4835986 1;
13324 4835988 1024;
14348 4867823 1024;
15372 4868848 2;
15374 4894525 1022;
16396 4895548 4;
16400 4935605 1020;
17420 4936626 6;
17426 4978739 1018;
18444 4979758 8;
18452 5011603 1016;
19468 5012620 10;
19478 5032143 1014;
20492 5033158 12;
20504 5065007 1012;
21516 5066020 14;
21530 5108141 1010;
22540 5109152 16;
22556 5142032 1008;
23564 5143041 18;
23582 5180031 1006;
24588 5181038 20;
24608 5220084 1004;
25612 5221089 22;
25634 5246786 1002;
26636 5247789 24;
26660 5269380 1000;
27660 5270381 26;
27686 5295055 998;
28684 5296054 28;
28712 5304298 996;
29708 5305295 30;
29738 5319703 994;
30732 5320698 32;
30764 5331000 992;
31756 5331993 34;
31790 5340243 941;
32731 5341698 6;
32737 5350513 31;
22:
0 4517888 12;
12 4517901 1024;
1036 4518927 1024;
2060 4519952 1024;
3084 4520977 1007;
4091 4522504 17;
4108 4522522 487;
4595 4535333 537;
5132 4535871 489;
5621 4578323 535;
6156 4578859 491;
6647 4616208 533;
7180 4616742 493;
7673 4642910 531;
8204 4643442 495;
8699 4693233 529;
9228 4693763 497;
9725 4735340 527;
10252 4735868 499;
10751 4779501 525;
11276 4780027 501;
11777 4811338 523;
12300 4811862 503;
12803 4849337 327;
13130 4850184 180;
13310 4863715 14;
13324 4863730 1012;
14336 4887336 12;
14348 4887349 1014;
15362 4920200 10;
15372 4920211 1016;
16388 4952037 8;
16396 4952046 1018;
17414 4991063 6;
17420 4991070 1020;
18440 5024954 4;
18444 5024959 1022;
19466 5051656 2;
19468 5051659 1024;
20492 5078359 681;
21173 5086574 343;
21516 5086918 683;
22199 5114303 341;
22540 5114645 685;
23225 5148194 339;
23564 5148534 687;
24251 5185166 337;
24588 5185504 689;
25277 5214949 335;
25612 5215285 691;
26303 5250894 333;
26636 5251228 693;
27329 5282731 331;
27660 5283063 695;
28355 5297109 329;
28684 5297439 697;
29381 5312514 327;
29708 5312842 699;
30407 5325865 325;
30732 5326191 701;
31433 5338189 323;
31756 5338513 703;
32459 5352567 309;
21:
0 4540416 12;
12 4540429 1024;
1036 4541455 1024;
2060 4542480 1024;
3084 4543505 1024;
4108 4544530 1007;
5115 4550672 17;
5132 4550690 1009;
6141 4601890 15;
6156 4601906 1011;
7167 4643937 13;
7180 4643951 1013;
8193 4676801 11;
8204 4676813 1015;
9219 4707611 9;
9228 4707621 1017;
10245 4736367 7;
10252 4736375 1019;
11271 4764096 5;
11276 4764102 1021;
12297 4795933 3;
12300 4795937 1023;
13323 4853445 1;
13324 4853447 1024;
14348 4883228 1024;
15372 4884253 2;
15374 4919173 1022;
16396 4920196 4;
16400 4953064 1020;
17420 4954085 6;
17426 4975658 1018;
18444 4976677 8;
18452 5000306 1016;
19468 5001323 10;
19478 5046792 756;
20234 5080412 258;
20492 5080671 768;
21260 5118411 256;
21516 5118668 770;
22286 5151275 254;
22540 5151530 772;
23312 5168734 252;
23564 5168987 774;
24338 5193382 250;
24588 5193633 776;
25364 5219057 248;
25612 5219306 778;
26390 5247813 246;
26636 5248060 780;
27416 5276569 244;
27660 5276814 782;
28442 5301217 242;
28684 5301460 784;
29468 5321757 240;
29708 5321998 786;
30494 5334081 238;
30732 5334320 788;
31520 5343324 236;
31756 5343561 790;
32546 5349486 222;
61:
0 4552704 12;
12 4552717 1024;
1036 4553743 1009;
2045 4555272 15;
2060 4555288 1024;
3084 4556313 1024;
4108 4557338 1024;
5132 4558363 1024;
6156 4559388 491;
6647 4573188 533;
7180 4573722 493;
7673 4613127 531;
8204 4613659 495;
8699 4638802 529;
9228 4639332 497;
9725 4664477 527;
10252 4665005 499;
10751 4702476 525;
11276 4703002 501;
11777 4739448 523;
12300 4739972 503;
12803 4759988 521;
13324 4760510 505;
13829 4784648 519;
14348 4785168 495;
14843 4805176 529;
15372 4805706 497;
15869 4841121 527;
16396 4841649 499;
16895 4873985 525;
17420 4874511 501;
17921 4895552 523;
18444 4896076 503;
18947 4927389 521;
19468 4927911 505;
19973 4967442 519;
20492 4967962 507;
20999 4997225 517;
21516 4997743 509;
22025 5038305 515;
22540 5038821 511;
23051 5066034 513;
23564 5066548 513;
24077 5096844 511;
24588 5097356 515;
25103 5129708 509;
25612 5130218 517;
26129 5159491 507;
26636 5159999 519;
27155 5186193 505;
27660 5186699 521;
28181 5218030 503;
28684 5218534 523;
29207 5236516 501;
29708 5237018 525;
30233 5258083 499;
30732 5258583 527;
31259 5289920 497;
31756 5290418 529;
32285 5303271 483;
62:
0 4567040 12;
12 4567053 1024;
1036 4568079 1024;
2060 4569104 1003;
3063 4595728 21;
3084 4595750 1005;
4089 4630586 19;
4108 4630606 1007;
5115 4665504 17;
5132 4665522 1009;
6141 4685017 15;
6156 4685033 791;
6947 4720962 233;
7180 4721196 793;
7973 4762042 231;
8204 4762274 795;
8999 4797987 229;
9228 4798217 797;
10025 4834959 227;
10252 4835187 799;
11051 4870904 225;
11276 4871130 801;
12077 4909930 223;
12300 4910154 803;
13103 4934578 221;
13324 4934800 805;
14129 4977712 219;
14348 4977932 807;
15155 4981250 6;
15161 5003387 211;
15372 5003599 815;
16187 5037278 209;
16396 5037488 817;
17213 5055764 207;
17420 5055972 819;
18239 5088628 205;
18444 5088834 821;
19265 5113276 203;
19468 5113480 823;
20291 5155383 201;
20492 5155585 825;
21317 5194409 199;
21516 5194609 827;
22343 5253975 197;
22540 5254173 829;
23369 5271434 195;
23564 5271630 831;
24395 5298136 193;
24588 5298330 833;
25421 5313541 191;
25612 5313733 835;
26447 5327919 189;
26636 5328109 837;
27473 5337162 187;
27660 5337350 839;
28499 5341704 185;
28684 5341890 407;
29091 5348459 617;
29708 5349077 409;
30117 5354621 615;
30732 5355237 411;
31143 5356675 613;
31756 5357289 1012;
53:
0 4585472 12;
12 4585485 1024;
1036 4586511 1009;
2045 4588040 15;
2060 4588056 1024;
3084 4589081 1024;
4108 4590106 1024;
5132 4591131 1024;
6156 4592156 491;
6647 4599836 533;
7180 4600370 493;
7673 4649072 531;
8204 4649604 495;
8699 4674747 529;
9228 4675277 497;
9725 4703503 527;
10252 4704031 499;
10751 4750745 525;
11276 4751271 89;
11365 4769231 935;
12300 4770167 91;
12391 4804149 933;
13324 4805083 93;
13417 4833932 931;
14348 4834864 95;
14443 4878093 929;
15372 4879023 97;
15469 4913011 927;
16396 4913939 99;
16495 4957172 925;
17420 4958098 101;
17521 4999279 923;
18444 5000203 103;
18547 5033170 921;
19468 5034092 105;
19573 5061926 919;
20492 5062846 107;
20599 5106087 917;
21516 5107005 109;
21625 5136897 915;
22540 5137813 111;
22651 5166680 913;
23564 5167594 113;
23677 5191328 911;
24588 5192240 115;
24703 5221111 909;
25612 5222021 117;
25729 5261164 907;
26636 5262072 119;
26755 5286839 905;
27660 5287745 121;
27781 5305325 903;
28684 5306229 123;
28807 5317649 901;
29708 5318551 125;
29833 5326892 899;
30732 5327792 127;
30859 5335108 897;
31756 5336006 129;
31885 5345378 883;
54:
0 4605952 12;
12 4605965 1024;
1036 4606991 1024;
2060 4608016 1024;
3084 4609041 1024;
4108 4610066 1024;
5132 4611091 1009;
6141 4627505 15;
6156 4627521 1011;
7167 4663450 13;
7180 4663464 1013;
8193 4714800 11;
8204 4714812 1015;
9219 4751880 9;
9228 4751890 909;
10137 4785663 115;
10252 4785779 911;
11163 4819554 113;
11276 4819668 913;
12189 4854472 111;
12300 4854584 915;
13215 4885282 109;
13324 4885392 917;
14241 4910957 107;
14348 4911065 919;
15267 4944848 105;
15372 4944954 921;
16293 4981256 103;
16396 4981360 460;
16856 5002360 564;
17420 5002925 462;
17882 5022900 562;
18444 5023463 464;
18908 5057818 560;
19468 5058379 466;
19934 5089655 558;
20492 5090214 468;
20960 5117384 556;
21516 5117941 470;
21986 5153329 554;
22540 5153884 472;
23012 5174896 552;
23564 5175449 474;
24038 5206733 550;
24588 5207284 476;
25064 5244732 548;
25612 5245281 478;
26090 5267326 546;
26636 5267873 480;
27116 5294028 544;
27660 5294573 482;
28142 5308930 6;
28148 5329973 536;
28684 5330510 490;
29174 5339216 534;
29708 5339751 492;
30200 5347432 532;
30732 5347965 494;
31226 5355648 530;
31756 5356179 496;
32252 5359756 516;
