0:
0 1 1024;
1024 1026 1024;
2048 2051 1024;
3072 3076 1024;
4096 4101 1024;
5120 5126 1024;
6144 6151 1024;
7168 7176 1024;
8192 8201 1024;
9216 9226 1024;
10240 10251 1024;
11264 11276 1024;
12288 12301 1024;
13312 13326 1024;
14336 14351 1024;
15360 15376 1024;
16384 16401 1024;
17408 17426 1024;
18432 18451 1024;
19456 19476 1024;
20480 20501 1024;
21504 21526 1024;
22528 22551 1024;
23552 23576 1024;
24576 24601 1024;
25600 25626 1024;
26624 26651 1024;
27648 27676 1024;
28672 28701 1024;
29696 29726 1024;
30720 30751 1024;
31744 31776 1024;
