0:
0 149209088 12;
12 149209101 1024;
1036 149210127 1024;
2060 149211152 1024;
3084 149212177 1024;
4108 149213202 1024;
5132 149214227 1024;
6156 149215252 1024;
7180 149216277 1024;
8204 149217302 1024;
9228 149218327 1001;
10229 149219336 23;
10252 149219360 1024;
11276 149220385 1024;
12300 149221410 1024;
13324 149222435 1024;
14348 149223460 1024;
15372 149224485 987;
16359 149225992 37;
16396 149226030 1024;
17420 149227055 1024;
18444 149228080 1024;
19468 149229105 1024;
20492 149230130 1024;
21516 149231155 1024;
22540 149232180 1024;
23564 149233205 1024;
24588 149234230 1024;
25612 149235255 1024;
26636 149236280 1024;
27660 149237305 1024;
28684 149238330 1024;
29708 149239355 1024;
30732 149240380 1024;
31756 149241405 1012;
8:
0 149204993 12;
12 149205006 1024;
1036 149206032 1000;
2036 149209080 8;
2044 149244653 16;
2060 149244670 1010;
3070 149250600 14;
3084 149250615 1012;
4096 149257265 12;
4108 149257278 962;
5070 149262400 62;
5132 149262463 964;
6096 149265481 60;
6156 149265542 966;
7122 149272670 58;
7180 149272729 968;
8148 149292183 56;
8204 149292240 970;
9174 149301426 54;
9228 149301481 972;
10200 149309642 52;
10252 149309695 974;
11226 149317858 50;
11276 149317909 976;
12252 149329155 48;
12300 149329204 978;
13278 149336344 46;
13324 149336391 980;
14304 149343533 44;
14348 149343578 982;
15330 149355857 42;
15372 149355900 644;
16016 149360992 380;
16396 149361373 646;
17042 149365100 378;
17420 149365479 648;
18068 149374343 376;
18444 149374720 650;
19094 149388721 374;
19468 149389096 216;
19684 149391802 808;
20492 149392611 218;
20710 149406180 806;
21516 149406987 220;
21736 149417477 804;
22540 149418282 222;
22762 149422612 802;
23564 149423415 224;
23788 149426720 800;
24588 149427521 226;
24814 149443152 798;
25612 149443951 228;
25840 149454449 399;
26239 149455368 108;
26347 149462665 289;
26636 149462955 737;
27373 149470881 287;
27660 149471169 739;
28399 149476256 285;
28684 149476542 741;
29425 149484199 283;
29708 149484483 743;
30451 149492412 281;
30732 149492694 745;
31477 149497547 279;
31756 149497827 747;
32503 149517013 265;
16:
0 149207040 12;
12 149207053 1024;
1036 149208079 1001;
2037 149251627 23;
2060 149251651 1003;
3063 149260346 21;
3084 149260368 1005;
4089 149266508 19;
4108 149266528 1007;
5115 149274724 17;
5132 149274742 1009;
6141 149277805 15;
6156 149277821 1011;
7167 149282940 13;
7180 149282954 1013;
8193 149291528 11;
8204 149291540 643;
8847 149299372 381;
9228 149299754 645;
9873 149307588 379;
10252 149307968 647;
10899 149311696 377;
11276 149312074 649;
11925 149322993 375;
12300 149323369 407;
12707 149330182 617;
13324 149330800 409;
13733 149337371 615;
14348 149337987 411;
14759 149345587 613;
15372 149346201 413;
15785 149352776 611;
16396 149353388 415;
16811 149357058 6;
16817 149367154 603;
17420 149367758 423;
17843 149373316 601;
18444 149373918 425;
18869 149376397 599;
19468 149376997 427;
19895 149382559 597;
20492 149383157 429;
20921 149392829 595;
21516 149393425 431;
21947 149404126 593;
22540 149404720 433;
22973 149413369 591;
23564 149413961 435;
23999 149429801 589;
24588 149430391 437;
25025 149438017 587;
25612 149438605 439;
26051 149442125 585;
26636 149442711 441;
27077 149447260 583;
27660 149447844 443;
28103 149455476 581;
28684 149456058 445;
29129 149469854 579;
29708 149470434 447;
30155 149477539 577;
30732 149478117 449;
31181 149480606 575;
31756 149481182 451;
32207 149489331 561;
1:
0 149219329 7;
7 149225987 5;
12 149242966 239;
251 149243261 768;
1019 149249064 17;
1036 149249083 1005;
2041 149259319 19;
2060 149259339 1007;
3067 149271643 17;
3084 149271661 1009;
4093 149280886 15;
4108 149280902 1011;
5119 149293210 13;
5132 149293224 1013;
6145 149303480 11;
6156 149303492 1015;
7171 149310669 9;
7180 149310679 1017;
8197 149314777 7;
8204 149314785 1019;
9223 149319912 5;
9228 149319918 1021;
10249 149325047 3;
10252 149325051 1023;
11275 149333263 1;
11276 149333265 1024;
12300 149339425 1024;
13324 149340450 2;
13326 149342506 1022;
14348 149343529 4;
14352 149347641 1020;
15372 149348662 6;
15378 149357064 847;
16225 149366127 171;
16396 149366299 855;
17251 149378451 169;
17420 149378621 857;
18277 149383586 167;
18444 149383754 859;
19303 149386667 165;
19468 149386833 861;
20329 149393856 163;
20492 149394020 863;
21355 149403099 161;
21516 149403261 865;
22381 149409261 159;
22540 149409421 867;
23407 149415423 157;
23564 149415581 869;
24433 149420558 155;
24588 149420714 871;
25459 149435963 153;
25612 149436117 873;
26485 149446233 151;
26636 149446385 875;
27511 149452395 149;
27660 149452545 877;
28537 149460611 147;
28684 149460759 879;
29563 149468827 145;
29708 149468973 881;
30589 149474202 143;
30732 149474346 883;
31615 149493439 141;
31756 149493581 885;
32641 149501703 127;
24:
0 149243205 12;
12 149243218 43;
55 149244277 64;
119 149245680 128;
247 149246000 256;
503 149246512 512;
1015 149247528 21;
1036 149247551 1001;
2037 149252654 23;
2060 149252678 1003;
3063 149258754 6;
3069 149267535 15;
3084 149267551 1011;
4095 149270616 13;
4108 149270630 1013;
5121 149275751 11;
5132 149275763 1015;
6147 149279859 9;
6156 149279869 1017;
7173 149284994 7;
7180 149285002 1019;
8199 149288075 5;
8204 149288081 1021;
9225 149296291 3;
9228 149296295 1023;
10251 149304507 1;
10252 149304509 1024;
11276 149308615 1024;
12300 149309640 2;
12302 149316831 1022;
13324 149317854 4;
13328 149327101 1020;
14348 149328122 6;
14354 149335317 1018;
15372 149336336 8;
15380 149340452 1016;
16396 149341469 10;
16406 149348668 1014;
17420 149349683 12;
17432 149354830 1012;
18444 149355843 14;
18458 149363046 1010;
19468 149364057 16;
19484 149370235 1008;
20492 149371244 18;
20510 149380505 1006;
21516 149381512 20;
21536 149390775 1004;
22540 149391780 22;
22562 149398991 1002;
23564 149399994 24;
23588 149410288 1000;
24588 149411289 26;
24614 149418504 998;
25612 149419503 28;
25640 149422594 6;
25646 149427747 990;
26636 149428738 36;
26672 149436990 988;
27660 149437979 38;
27698 149457530 986;
28684 149458517 40;
28724 149465746 984;
29708 149466731 42;
29750 149481633 982;
30732 149482616 44;
30776 149486253 980;
31756 149487234 46;
31802 149494466 966;
32:
0 149244029 12;
12 149244042 235;
247 149244397 256;
503 149248552 512;
1015 149254193 21;
1036 149254216 1001;
2037 149258760 23;
2060 149258784 535;
2595 149264454 489;
3084 149264944 537;
3621 149268562 487;
4108 149269050 539;
4647 149273697 485;
5132 149274183 541;
5673 149278832 483;
6156 149279316 543;
6699 149289102 481;
7180 149289584 545;
7725 149295264 479;
8204 149295744 547;
8751 149302453 477;
9228 149302931 549;
9777 149306561 475;
10252 149307037 551;
10803 149315804 473;
11276 149316278 553;
11829 149324296 471;
12300 149324768 279;
12579 149331209 745;
13324 149331955 281;
13605 149344560 743;
14348 149345304 283;
14631 149349695 741;
15372 149350437 285;
15657 149353803 739;
16396 149354543 287;
16683 149362019 737;
17420 149362757 289;
17709 149368181 735;
18444 149368917 291;
18735 149379478 733;
19468 149380212 293;
19761 149384613 731;
20492 149385345 295;
20787 149395910 729;
21516 149396640 297;
21813 149400018 727;
22540 149400746 299;
22839 149408234 725;
23564 149408960 301;
23865 149414396 723;
24588 149415120 303;
24891 149425693 721;
25612 149426415 305;
25917 149432882 719;
26636 149433602 307;
26943 149440071 717;
27660 149440789 309;
27969 149445206 715;
28684 149445922 311;
28995 149449314 713;
29708 149450028 313;
30021 149453422 711;
30732 149454134 315;
31047 149459584 709;
31756 149460294 317;
32073 149466773 695;
40:
0 149244341 12;
12 149244354 43;
55 149245808 192;
247 149246256 256;
503 149253681 512;
1015 149256241 21;
1036 149256264 1001;
2037 149276778 23;
2060 149276802 1003;
3063 149283967 21;
3084 149283989 1005;
4089 149286021 19;
4108 149286041 1007;
5115 149290129 17;
5132 149290147 861;
5993 149298345 163;
6156 149298509 863;
7019 149300399 161;
7180 149300561 865;
8045 149313750 159;
8204 149313910 867;
9071 149318885 157;
9228 149319043 869;
10097 149326074 155;
10252 149326230 871;
11123 149334290 153;
11276 149334444 873;
12149 149341479 151;
12300 149341631 875;
13175 149351749 149;
13324 149351899 877;
14201 149357911 147;
14348 149358059 879;
15227 149369208 145;
15372 149369354 881;
16253 149377424 143;
16396 149377568 883;
17279 149385640 141;
17420 149385782 885;
18305 149394883 139;
18444 149395023 887;
19331 149402072 137;
19468 149402210 889;
20357 149412342 135;
20492 149412478 891;
21383 149419531 133;
21516 149419665 893;
22409 149423639 131;
22540 149423771 895;
23435 149428774 129;
23564 149428904 897;
24461 149433909 127;
24588 149434037 899;
25487 149444179 125;
25612 149444305 901;
26513 149451368 123;
26636 149451492 903;
27539 149456503 121;
27660 149456625 905;
28565 149463692 119;
28684 149463812 907;
29591 149472020 117;
29708 149472138 909;
30617 149483172 115;
30732 149483288 911;
31643 149491385 113;
31756 149491499 913;
32669 149503690 99;
48:
0 149247024 12;
12 149247037 491;
503 149250088 512;
1015 149255217 21;
1036 149255240 1001;
2037 149261373 23;
2060 149261397 1003;
3063 149263427 21;
3084 149263449 1005;
4089 149269589 19;
4108 149269609 1007;
5115 149281913 17;
5132 149281931 1009;
6141 149287048 15;
6156 149287064 1011;
7167 149294237 13;
7180 149294251 1013;
8193 149297318 11;
8204 149297330 1015;
9219 149305534 9;
9228 149305544 1017;
10245 149320939 7;
10252 149320947 1019;
11271 149324290 5;
11276 149332236 1024;
12300 149333261 2;
12302 149350722 1022;
13324 149351745 4;
13328 149359965 1020;
14348 149360986 6;
14354 149371262 1018;
15372 149372281 8;
15380 149375370 1016;
16396 149376387 10;
16406 149387694 1014;
17420 149388709 12;
17432 149396937 1012;
18444 149397950 14;
18458 149401045 1010;
19468 149402056 16;
19484 149407207 1008;
20492 149408216 18;
20510 149416450 1006;
21516 149417457 20;
21536 149431855 1004;
22540 149432860 22;
22562 149439044 1002;
23564 149440047 24;
23588 149450341 1000;
24588 149451342 26;
24614 149461638 998;
25612 149462637 28;
25640 149467800 996;
26636 149468797 30;
26666 149473175 994;
27660 149474170 32;
27692 149485226 992;
28684 149486219 34;
28718 149496520 990;
29708 149497511 36;
29744 149500676 988;
30732 149501665 38;
30770 149506771 986;
31756 149507758 40;
31796 149511369 972;
56:
0 149193218 12;
12 149193231 1024;
1036 149194257 1024;
2060 149195282 1024;
3084 149196307 1024;
4108 149197332 1024;
5132 149198357 491;
5623 149198960 533;
6156 149199494 1024;
7180 149200519 1024;
8204 149201544 1024;
9228 149202569 1024;
10252 149203594 1024;
11276 149204619 373;
11649 149207032 8;
11657 149291522 6;
11663 149312723 637;
12300 149313361 389;
12689 149321966 635;
13324 149322602 391;
13715 149328128 633;
14348 149328762 393;
14741 149338398 631;
15372 149339030 395;
15767 149346614 629;
16396 149347244 397;
16793 149358938 627;
17420 149359566 399;
17819 149364073 625;
18444 149364699 401;
18845 149372289 623;
19468 149372913 403;
19871 149381532 621;
20492 149382154 405;
20897 149389832 619;
21516 149390452 323;
21839 149397964 701;
22540 149398666 325;
22865 149405153 699;
23564 149405853 327;
23891 149411315 697;
24588 149412013 329;
24917 149421585 495;
25412 149422600 12;
25424 149424666 188;
25612 149424855 838;
26450 149430828 186;
26636 149431015 840;
27476 149434936 184;
27660 149435121 842;
28502 149441098 182;
28684 149441281 844;
29528 149448287 180;
29708 149448468 846;
30554 149458557 178;
30732 149458736 848;
31580 149464719 176;
31756 149464896 850;
32606 149475229 162;
33:
0 149389826 6;
6 149455362 6;
12 149471909 111;
123 149473047 128;
251 149477283 256;
507 149478566 529;
1036 149479097 1005;
2041 149487280 19;
2060 149487300 316;
2376 149488136 171;
2547 149490358 537;
3084 149490896 489;
3573 149495493 535;
4108 149496029 491;
4599 149498574 533;
5132 149499108 493;
5625 149504717 531;
6156 149505249 495;
6651 149514447 529;
7180 149514977 497;
7677 149523676 527;
8204 149524204 499;
8703 149526757 525;
9228 149527283 501;
9729 149533428 523;
10252 149533952 503;
10755 149539590 521;
11276 149540112 505;
11781 149541644 519;
12300 149542164 507;
12807 149552941 211;
13018 149553672 296;
13314 149560130 10;
13324 149560141 1016;
14340 149572454 8;
14348 149572463 1018;
15366 149577589 6;
15372 149577596 1020;
16392 149585805 4;
16396 149585810 110;
16506 149586440 392;
16898 149589913 522;
17420 149590436 504;
17924 149594021 520;
18444 149594542 506;
18950 149596075 518;
19468 149596594 508;
19976 149600183 516;
20492 149600700 510;
21002 149606345 514;
21516 149606860 512;
22028 149612507 512;
22540 149613020 514;
23054 149620723 510;
23564 149621234 516;
24080 149628939 508;
24588 149629448 518;
25106 149633047 506;
25612 149633554 520;
26132 149639209 504;
26636 149639714 522;
27158 149644344 502;
27660 149644847 524;
28184 149652560 500;
28684 149653061 526;
29210 149655641 498;
29708 149656140 528;
30236 149660776 496;
30732 149661273 530;
31262 149670019 494;
31756 149670514 532;
32288 149676181 480;
57:
0 149480102 12;
12 149480115 491;
503 149482660 512;
1015 149488307 21;
1036 149488330 1001;
2037 149499601 23;
2060 149499625 1003;
3063 149505744 21;
3084 149505766 1005;
4089 149510342 19;
4108 149510362 1007;
5115 149515474 17;
5132 149515492 1009;
6141 149521238 15;
6156 149521254 1011;
7167 149529838 13;
7180 149529852 1013;
8193 149540617 11;
8204 149540629 1015;
9219 149546779 9;
9228 149546789 1017;
10245 149551914 7;
10252 149551922 1019;
11271 149556022 5;
11276 149556028 1021;
12297 149562184 3;
12300 149562188 1023;
13323 149567319 1;
13324 149567321 1024;
14348 149571427 1024;
15372 149572452 2;
15374 149576562 1022;
16396 149577585 4;
16400 149580670 1020;
17420 149581691 6;
17426 149583751 1018;
18444 149584770 8;
18452 149586434 6;
18458 149592994 1010;
19468 149594005 16;
19484 149602237 1008;
20492 149603246 18;
20510 149607372 1006;
21516 149608379 20;
21536 149614561 1004;
22540 149615566 22;
22562 149621750 1002;
23564 149622753 24;
23588 149623804 1000;
24588 149624805 26;
24614 149632020 998;
25612 149633019 28;
25640 149642290 996;
26636 149643287 30;
26666 149646398 994;
27660 149647393 32;
27692 149658722 992;
28684 149659715 34;
28718 149668992 990;
29708 149669983 36;
29744 149677208 988;
30732 149678197 38;
30770 149681316 986;
31756 149682303 40;
31796 149683370 854;
32650 149684744 118;
17:
0 149488130 6;
6 149500628 6;
12 149500635 41;
53 149502730 960;
1013 149508806 23;
1036 149508831 999;
2035 149513420 25;
2060 149513446 1001;
3061 149520147 23;
3084 149520171 213;
3297 149520904 270;
3567 149522649 541;
4108 149523191 485;
4593 149527784 539;
5132 149528324 487;
5619 149532401 537;
6156 149532939 489;
6645 149536509 535;
7180 149537045 491;
7671 149542671 533;
8204 149543205 493;
8697 149547806 531;
9228 149548338 495;
9723 149553666 6;
9729 149561157 523;
10252 149561681 503;
10755 149564238 521;
11276 149564760 505;
11781 149568346 519;
12300 149568866 507;
12807 149574508 517;
13324 149575026 509;
13833 149582724 515;
14348 149583240 511;
14859 149588886 513;
15372 149589400 513;
15885 149595048 511;
16396 149595560 515;
16911 149598129 509;
17420 149598639 517;
17937 149605318 507;
18444 149605826 519;
18963 149609426 505;
19468 149609932 521;
19989 149613534 503;
20492 149614038 523;
21015 149617642 501;
21516 149618144 525;
22041 149619202 6;
22047 149627912 493;
22540 149628406 533;
23073 149629966 491;
23564 149630458 535;
24099 149637155 489;
24588 149637645 537;
25125 149641263 487;
25612 149641751 539;
26151 149647425 485;
26636 149647911 541;
27177 149651976 483;
27660 149652460 100;
27760 149656668 924;
28684 149657593 102;
28786 149662830 922;
29708 149663753 104;
29812 149665911 920;
30732 149666832 106;
30838 149671046 918;
31756 149671965 108;
31864 149674127 904;
41:
0 149507798 12;
12 149507811 107;
119 149507974 128;
247 149508294 256;
503 149509830 512;
1015 149512396 21;
1036 149512419 1001;
2037 149519064 23;
2060 149519088 1003;
3063 149525730 21;
3084 149525752 1005;
4089 149528811 19;
4108 149528831 1007;
5115 149537536 17;
5132 149537554 1009;
6141 149543698 15;
6156 149543714 1011;
7167 149550887 13;
7180 149550901 1013;
8193 149554995 11;
8204 149555007 1015;
9219 149559103 9;
9228 149559113 1017;
10245 149569373 7;
10252 149569381 1019;
11271 149575535 5;
11276 149575541 1021;
12297 149579643 3;
12300 149579647 1023;
13323 149581697 1;
13324 149581699 1024;
14348 149587859 1024;
15372 149588884 2;
15374 149599156 1022;
16396 149600179 4;
16400 149601210 1020;
17420 149602231 6;
17426 149608399 1018;
18444 149609418 8;
18452 149615588 1016;
19468 149616605 10;
19478 149618669 19;
19497 149619208 488;
19985 149626885 507;
20492 149627393 519;
21011 149630993 505;
21516 149631499 521;
22037 149634074 503;
22540 149634578 523;
23063 149638182 501;
23564 149638684 525;
24089 149643317 499;
24588 149643817 527;
25115 149650506 497;
25612 149651004 452;
26064 149653587 572;
26636 149654160 454;
27090 149659749 570;
27660 149660320 456;
28116 149663857 568;
28684 149664426 458;
29142 149666938 566;
29708 149667505 460;
30168 149673100 564;
30732 149673665 462;
31194 149675154 562;
31756 149675717 464;
32220 149679262 548;
25:
0 149507918 12;
12 149507931 43;
55 149508102 192;
247 149508550 256;
503 149516501 512;
1015 149518040 21;
1036 149518063 1001;
2037 149524703 23;
2060 149524727 1003;
3063 149534455 21;
3084 149534477 1005;
4089 149544725 19;
4108 149544745 1007;
5115 149548833 17;
5132 149548851 1009;
6141 149557049 15;
6156 149557065 1011;
7167 149563211 13;
7180 149563225 1013;
8193 149566292 11;
8204 149566304 1015;
9219 149570400 9;
9228 149570410 1017;
10245 149584778 7;
10252 149584786 1019;
11271 149590940 5;
11276 149590946 1021;
12297 149604291 3;
12300 149604295 1023;
13323 149610453 1;
13324 149610455 1024;
14348 149616615 1024;
15372 149617640 2;
15374 149622777 1022;
16396 149623800 4;
16400 149624831 1020;
17420 149625852 6;
17426 149635101 1018;
18444 149636120 8;
18452 149640236 1016;
19468 149641253 10;
19478 149649479 1014;
20492 149650494 12;
20504 149651970 6;
20510 149657695 1006;
21516 149658702 20;
21536 149664884 1004;
22540 149665889 22;
22562 149672073 1002;
23564 149673076 24;
23588 149680289 1000;
24588 149681290 26;
24614 149686451 998;
25612 149687450 1024;
26636 149688475 1024;
27660 149689500 32;
27692 149691586 992;
28684 149692579 1024;
29708 149693604 36;
29744 149695694 988;
30732 149696683 38;
30770 149697748 986;
31756 149698735 1012;
9:
0 149198925 2;
2 149198933 3;
5 149198941 3;
8 149198956 4;
12 149520092 55;
67 149521174 64;
131 149522265 384;
515 149530865 521;
1036 149531388 1013;
2049 149535482 11;
2060 149535494 1015;
3075 149538563 9;
3084 149538573 1017;
4101 149545752 7;
4108 149545760 1019;
5127 149549860 5;
5132 149549866 1021;
6153 149553968 3;
6156 149553972 1023;
7179 149558076 1;
7180 149558078 1024;
8204 149565265 1024;
9228 149566290 2;
9230 149573481 1022;
10252 149574504 4;
10256 149578616 1020;
11276 149579637 6;
11282 149586832 1018;
12300 149587851 8;
12308 149591967 1016;
13324 149592984 10;
13334 149597102 1014;
14348 149598117 12;
14360 149603264 1012;
15372 149604277 14;
15386 149611480 1010;
16396 149612491 16;
16412 149619696 1008;
17420 149620705 18;
17438 149625858 1006;
18444 149626865 20;
18464 149636128 1004;
19468 149637133 22;
19490 149645371 1002;
20492 149646374 24;
20516 149648452 1000;
21516 149649453 26;
21542 149654614 998;
22540 149655613 28;
22568 149661803 996;
23564 149662800 30;
23594 149667965 994;
24588 149668960 32;
24620 149678235 992;
25612 149679228 34;
25646 149682343 990;
26636 149683334 36;
26672 149685424 988;
27660 149686413 38;
27698 149689532 986;
28684 149690519 1024;
29708 149691544 42;
29750 149693640 982;
30732 149694623 1024;
31756 149695648 46;
31802 149696721 966;
49:
0 203290624 12;
12 203290637 1024;
1036 203291663 1009;
2045 203293192 15;
2060 203293208 1024;
3084 203294233 1024;
4108 203295258 1024;
5132 203296283 1024;
6156 203297308 1024;
7180 203298333 1024;
8204 203299358 1024;
9228 203300383 1024;
10252 203301408 1024;
11276 203302433 1024;
12300 203303458 1024;
13324 203304483 1024;
14348 203305508 1024;
15372 203306533 1024;
16396 203307558 1024;
17420 203308583 1024;
18444 203309608 1024;
19468 203310633 471;
19939 203311153 553;
20492 203311707 1024;
21516 203312732 1024;
22540 203313757 1024;
23564 203314782 1024;
24588 203315807 1024;
25612 203316832 1024;
26636 203317857 1024;
27660 203318882 1024;
28684 203319907 1024;
29708 203320932 412;
30120 203321352 612;
30732 203321965 1024;
31756 203322990 1012;
2:
0 203321346 6;
6 203324509 6;
12 203324516 9;
21 203324541 32;
53 203324605 64;
117 203324733 128;
245 203324989 451;
696 203325960 309;
1005 203327037 31;
1036 203327070 991;
2027 203329085 33;
2060 203329119 993;
3053 203332166 31;
3084 203332198 995;
4079 203334220 29;
4108 203334250 997;
5105 203336274 27;
5132 203336302 999;
6131 203338328 25;
6156 203338354 1001;
7157 203346951 23;
7180 203346975 993;
8173 203357197 31;
8204 203357229 979;
9183 203373086 45;
9228 203373132 981;
10209 203378221 43;
10252 203378265 983;
11235 203383356 41;
11276 203383398 985;
12261 203414559 39;
12300 203414599 987;
13287 203418667 37;
13324 203418705 989;
14313 203501638 35;
14348 203501674 991;
15339 203580529 33;
15372 203580563 993;
16365 203594907 31;
16396 203594939 995;
17391 203609285 29;
17420 203609315 997;
18417 203621609 27;
18444 203621637 999;
19443 203631879 25;
19468 203631905 1001;
20469 203652419 23;
20492 203652443 677;
21169 203666797 347;
21516 203667145 679;
22195 203689391 345;
22540 203689737 681;
23221 203704796 343;
23564 203705140 683;
24247 203723282 341;
24588 203723624 685;
25273 203732525 339;
25612 203732865 687;
26299 203747930 337;
26636 203748268 689;
27325 203771551 335;
27660 203771887 691;
28351 203800307 333;
28684 203800641 693;
29377 203815712 331;
29708 203816044 695;
30403 203829063 329;
30732 203829393 697;
31429 203842414 327;
31756 203842742 699;
32455 203850630 313;
3:
0 203324501 8;
8 203324525 4;
12 203324530 11;
23 203324573 32;
55 203324669 64;
119 203324861 128;
247 203326269 768;
1015 203328061 21;
1036 203328084 1001;
2037 203330112 23;
2060 203330136 1024;
3084 203331161 1005;
4089 203333193 19;
4108 203333213 1007;
5115 203335247 17;
5132 203335265 1009;
6141 203337301 15;
6156 203337317 1011;
7167 203339355 13;
7180 203339369 407;
7587 203356170 617;
8204 203356788 409;
8613 203370005 615;
9228 203370621 411;
9639 203374113 613;
10252 203374727 413;
10665 203377194 611;
11276 203377806 415;
11691 203382329 609;
12300 203382939 417;
12717 203412505 607;
13324 203413113 419;
13743 203417640 605;
14348 203418246 421;
14769 203500611 603;
15372 203501215 423;
15795 203573340 601;
16396 203573942 425;
16821 203593880 599;
17420 203594480 427;
17847 203612366 597;
18444 203612964 429;
18873 203640095 595;
19468 203640691 431;
19899 203660635 593;
20492 203661229 433;
20925 203684256 591;
21516 203684848 435;
21951 203692472 589;
22540 203693062 437;
22977 203715066 587;
23564 203715654 439;
24003 203729444 585;
24588 203730030 441;
25029 203748957 583;
25612 203749541 443;
26055 203765389 581;
26636 203765971 445;
27081 203785929 579;
27660 203786509 447;
28107 203804415 577;
28684 203804993 449;
29133 203814685 575;
29708 203815261 451;
30159 203839333 573;
30732 203839907 453;
31185 203853711 571;
31756 203854283 455;
32211 203861927 557;
19:
0 203347968 12;
12 203347981 1024;
1036 203349007 1024;
2060 203350032 1024;
3084 203351057 1024;
4108 203352082 1024;
5132 203353107 1024;
6156 203354132 1024;
7180 203355157 1013;
8193 203367951 11;
8204 203367963 1015;
9219 203372059 9;
9228 203372069 1017;
10245 203379248 7;
10252 203379256 1019;
11271 203384383 5;
11276 203384389 443;
11719 203410451 581;
12300 203411033 445;
12745 203419694 579;
13324 203420274 447;
13771 203497530 577;
14348 203498108 449;
14797 203566151 575;
15372 203566727 451;
15823 203577448 573;
16396 203578022 453;
16849 203590799 571;
17420 203591371 455;
17875 203617501 569;
18444 203618071 457;
18901 203637014 567;
19468 203637582 459;
19927 203648311 565;
20492 203648877 461;
20953 203668851 563;
21516 203669415 463;
21979 203695553 561;
22540 203696115 465;
23005 203705823 559;
23564 203706383 467;
24031 203727390 557;
24588 203727948 469;
25057 203738687 555;
25612 203739243 471;
26083 203751011 413;
26496 203751944 94;
26590 203758200 46;
26636 203758247 980;
27616 203770524 44;
27660 203770569 982;
28642 203789010 42;
28684 203789053 984;
29668 203802361 40;
29708 203802402 986;
30694 203820847 38;
30732 203820886 988;
31720 203835225 36;
31756 203835262 990;
32746 203857819 22;
10:
0 203339776 12;
12 203339789 1024;
1036 203340815 1024;
2060 203341840 1024;
3084 203342865 1024;
4108 203343890 1024;
5132 203344915 1024;
6156 203345940 1011;
7167 203368978 13;
7180 203368992 1013;
8193 203371032 11;
8204 203371044 1015;
9219 203375140 9;
9228 203375150 1017;
10245 203381302 7;
10252 203381310 1019;
11271 203391490 5;
11276 203398169 999;
12275 203413532 25;
12300 203413558 1001;
13301 203463741 23;
13324 203463765 939;
14263 203502665 85;
14348 203502751 865;
15213 203579502 159;
15372 203579662 867;
16239 203592853 157;
16396 203593011 869;
17265 203607231 155;
17420 203607387 871;
18291 203626744 153;
18444 203626898 873;
19317 203641122 151;
19468 203641274 875;
20343 203653640 149;
20492 203653790 683;
21175 203663716 341;
21516 203664058 685;
22201 203681175 339;
22540 203681515 687;
23227 203698634 337;
23564 203698972 689;
24253 203714039 335;
24588 203714375 691;
25279 203736633 333;
25612 203736967 693;
26305 203760254 331;
26636 203760586 695;
27331 203773605 329;
27660 203773935 697;
28357 203791064 327;
28684 203791392 699;
29383 203813658 325;
29708 203813984 701;
30409 203828036 323;
30732 203828360 703;
31435 203849603 125;
31560 203850248 196;
31756 203850445 185;
31941 203856792 827;
18:
0 203384832 12;
12 203384845 1024;
1036 203385871 1024;
2060 203386896 1024;
3084 203387921 1024;
4108 203388946 1024;
5132 203389971 1005;
6137 203391496 19;
6156 203391516 1024;
7180 203392541 1024;
8204 203393566 1024;
9228 203394591 1024;
10252 203395616 1024;
11276 203396641 1024;
12300 203397666 503;
12803 203409424 521;
13324 203409946 505;
13829 203489794 6;
13835 203495476 513;
14348 203495990 513;
14861 203565124 511;
15372 203565636 515;
15887 203581556 509;
16396 203582066 517;
16913 203596961 507;
17420 203597469 519;
17939 203613393 505;
18444 203613899 521;
18965 203620866 6;
18971 203629825 497;
19468 203630323 529;
19997 203651392 495;
20492 203651888 531;
21023 203653634 6;
21029 203664743 487;
21516 203665231 539;
22055 203678094 485;
22540 203678580 541;
23081 203688364 483;
23564 203688848 543;
24107 203706850 481;
24588 203707332 545;
25133 203711985 479;
25612 203712465 547;
26159 203730471 477;
26636 203730949 549;
27185 203745876 475;
27660 203746352 551;
28211 203762308 473;
28684 203762782 553;
29237 203779767 471;
29708 203780239 555;
30263 203790037 469;
30732 203790507 557;
31289 203806469 467;
31756 203806937 559;
32315 203830090 453;
26:
0 203358722 12;
12 203358735 1024;
1036 203359761 1024;
2060 203360786 1024;
3084 203361811 1024;
4108 203362836 1024;
5132 203363861 1024;
6156 203364886 1024;
7180 203365911 1024;
8204 203366936 1015;
9219 203376167 9;
9228 203376177 1017;
10245 203380275 7;
10252 203380283 1019;
11271 203411478 5;
11276 203411484 1021;
12297 203416613 3;
12300 203416617 1023;
13323 203499584 1;
13324 203499586 1024;
14348 203572313 1024;
15372 203573338 2;
15374 203583610 1022;
16396 203584633 4;
16400 203588098 6;
16406 203601069 1014;
17420 203602084 12;
17432 203622636 1012;
18444 203623649 14;
18458 203645230 1010;
19468 203646241 16;
19484 203659608 1008;
20492 203660617 18;
20510 203677067 1006;
21516 203678074 20;
21536 203696580 1004;
22540 203697585 22;
22562 203710958 1002;
23564 203711961 24;
23588 203722255 1000;
24588 203723256 26;
24614 203735606 998;
25612 203736605 28;
25640 203759227 996;
26636 203760224 30;
26666 203776686 994;
27660 203777681 32;
27692 203787983 992;
28684 203788976 34;
28718 203803388 990;
29708 203804379 36;
29744 203818793 988;
30732 203819782 38;
30770 203834198 986;
31756 203835185 40;
31796 203848576 972;
27:
0 203421696 12;
12 203421709 1024;
1036 203422735 1009;
2045 203424264 15;
2060 203424280 1024;
3084 203425305 1024;
4108 203426330 1024;
5132 203427355 1024;
6156 203428380 1024;
7180 203429405 1024;
8204 203430430 1024;
9228 203431455 1024;
10252 203432480 1024;
11276 203433505 479;
11755 203459633 545;
12300 203460179 481;
12781 203496503 543;
13324 203497047 483;
13807 203562043 541;
14348 203562585 485;
14833 203569232 539;
15372 203569772 487;
15859 203584637 537;
16396 203585175 489;
16885 203595934 535;
17420 203596470 491;
17911 203616474 533;
18444 203617008 493;
18937 203624690 531;
19468 203625222 495;
19963 203634960 529;
20492 203635490 497;
20989 203643176 527;
21516 203643704 499;
22015 203662689 525;
22540 203663215 501;
23041 203672959 523;
23564 203673483 503;
24067 203690418 521;
24588 203690940 505;
25093 203709931 519;
25612 203710451 507;
26119 203731498 517;
26636 203732016 509;
27145 203740741 515;
27660 203741257 511;
28171 203757173 513;
28684 203757687 513;
29197 203780794 511;
29708 203781306 515;
30223 203798253 509;
30732 203798763 517;
31249 203810577 507;
31756 203811085 519;
32275 203831117 493;
34:
0 203399168 12;
12 203399181 1024;
1036 203400207 1024;
2060 203401232 1024;
3084 203402257 1024;
4108 203403282 1024;
5132 203404307 1024;
6156 203405332 1024;
7180 203406357 1024;
8204 203407382 1024;
9228 203408407 1017;
10245 203415586 7;
10252 203415594 1019;
11271 203420721 5;
11276 203420727 969;
12245 203561016 55;
12300 203561072 971;
13271 203588104 53;
13324 203588158 587;
13911 203600042 437;
14348 203600480 589;
14937 203608258 435;
15372 203608694 591;
15963 203618528 433;
16396 203618962 593;
16989 203627771 431;
17420 203628203 595;
18015 203646257 429;
18444 203646687 597;
19041 203654473 427;
19468 203654901 599;
20067 203671932 425;
20492 203672358 601;
21093 203682202 423;
21516 203682626 603;
22119 203693499 421;
22540 203693921 605;
23145 203716093 419;
23564 203716513 607;
24171 203734579 417;
24588 203734997 609;
25197 203749984 415;
25612 203750400 611;
26223 203766416 413;
26636 203766830 613;
27249 203774632 411;
27660 203775044 615;
28275 203796199 409;
28684 203796609 617;
29301 203805442 407;
29708 203805850 619;
30327 203832144 405;
30732 203832550 621;
31353 203847549 403;
31756 203847953 623;
32379 203854738 389;
35:
0 203433984 12;
12 203433997 1024;
1036 203435023 1024;
2060 203436048 1024;
3084 203437073 1007;
4091 203443201 17;
4108 203443219 1009;
5117 203446282 15;
5132 203446298 1011;
6143 203448336 13;
6156 203448350 1013;
7169 203450390 11;
7180 203450402 1024;
8204 203451427 1017;
9221 203454498 7;
9228 203454506 1019;
10247 203457032 5;
10252 203457038 1024;
11276 203458063 543;
11819 203460660 481;
12300 203461142 545;
12845 203462714 479;
13324 203463194 547;
13871 203567178 477;
14348 203567656 549;
14897 203570259 475;
15372 203570735 551;
15923 203589772 473;
16396 203590246 553;
16949 203606204 471;
17420 203606676 555;
17975 203619555 469;
18444 203620025 327;
18771 203633933 697;
19468 203634631 329;
19797 203650365 695;
20492 203651061 331;
20823 203670905 693;
21516 203671599 333;
21849 203685283 605;
22454 203691445 86;
22540 203691532 940;
23480 203719174 84;
23564 203719259 942;
24506 203743822 82;
24588 203743905 944;
25532 203754092 80;
25612 203754173 946;
26558 203769497 78;
26636 203769576 948;
27584 203782848 76;
27660 203782925 950;
28610 203795172 74;
28684 203795247 952;
29636 203807496 72;
29708 203807569 954;
30662 203819820 70;
30732 203819891 956;
31688 203837279 68;
31756 203837348 958;
32714 203851657 54;
43:
0 203438080 12;
12 203438093 1024;
1036 203439119 1024;
2060 203440144 1024;
3084 203441169 1024;
4108 203442194 1007;
5115 203444228 17;
5132 203444246 1024;
6156 203445271 1011;
7167 203447309 13;
7180 203447323 1013;
8193 203449363 11;
8204 203449375 1015;
9219 203452444 9;
9228 203452454 1024;
10252 203453479 1019;
11271 203455525 5;
11276 203455531 981;
12257 203457026 6;
12263 203458606 37;
12300 203458644 989;
13289 203461687 35;
13324 203461723 991;
14315 203498557 33;
14348 203498591 993;
15341 203563070 31;
15372 203563102 995;
16367 203578475 29;
16396 203578505 997;
17393 203599015 27;
17420 203599043 999;
18419 203611339 25;
18444 203611365 1001;
19445 203639068 23;
19468 203639092 1003;
20471 203655500 21;
20492 203655522 1005;
21497 203667824 19;
21516 203667844 1007;
22523 203683229 17;
22540 203683247 1009;
23549 203699661 15;
23564 203699677 1011;
24575 203724309 13;
24588 203724323 1013;
25601 203739714 11;
25612 203739726 1015;
26627 203753065 9;
26636 203753075 1017;
27653 203772578 7;
27660 203772586 1019;
28679 203783875 5;
28684 203783881 311;
28995 203784712 190;
29185 203793118 523;
29708 203793642 503;
30211 203801334 521;
30732 203801856 505;
31237 203817474 6;
31243 203827009 513;
31756 203827523 513;
32269 203841387 499;
42:
0 203472896 12;
12 203472909 1024;
1036 203473935 1024;
2060 203474960 1024;
3084 203475985 1024;
4108 203477010 1024;
5132 203478035 1024;
6156 203479060 1024;
7180 203480085 1024;
8204 203481110 1015;
9219 203483152 9;
9228 203483162 1017;
10245 203485206 7;
10252 203485214 1019;
11271 203487260 5;
11276 203487266 1021;
12297 203489800 3;
12300 203489804 537;
12837 203491368 487;
13324 203491856 539;
13863 203493422 485;
14348 203493908 541;
14889 203522562 6;
14895 203558962 477;
15372 203559440 549;
15921 203582583 475;
16396 203583059 551;
16947 203605177 473;
17420 203605651 553;
17973 203620872 471;
18444 203621344 265;
18709 203628798 759;
19468 203629558 267;
19735 203644203 757;
20492 203644961 269;
20761 203658581 755;
21516 203659337 271;
21787 203679121 753;
22540 203679875 273;
22813 203694526 751;
23564 203695278 275;
23839 203707877 749;
24588 203708627 277;
24865 203721228 747;
25612 203721976 279;
25891 203737660 745;
26636 203738406 281;
26917 203756146 743;
27660 203756890 283;
27943 203764362 741;
28684 203765104 285;
28969 203786956 739;
29708 203787696 287;
29995 203809550 737;
30732 203810288 289;
31021 203824955 735;
31756 203825691 291;
32047 203838306 721;
50:
0 203464704 12;
12 203464717 1024;
1036 203465743 1024;
2060 203466768 1024;
3084 203467793 1024;
4108 203468818 1024;
5132 203469843 1024;
6156 203470868 1024;
7180 203471893 1003;
8183 203482125 21;
8204 203482147 1005;
9209 203484179 19;
9228 203484199 1007;
10235 203486233 17;
10252 203486251 1009;
11261 203488287 15;
11276 203488303 977;
12253 203490341 47;
12300 203490389 979;
13279 203492395 45;
13324 203492441 981;
14305 203494449 43;
14348 203494493 983;
15331 203564097 41;
15372 203564139 985;
16357 203575394 39;
16396 203575434 987;
17383 203586691 37;
17420 203586729 855;
18275 203614420 169;
18444 203614590 857;
19301 203625717 167;
19468 203625885 859;
20327 203649338 165;
20492 203649504 861;
21353 203665770 163;
21516 203665934 863;
22379 203686408 161;
22540 203686570 767;
23307 203708904 257;
23564 203709162 769;
24333 203725336 255;
24588 203725592 771;
25359 203742795 253;
25612 203743049 773;
26385 203763335 251;
26636 203763587 775;
27411 203777713 249;
27660 203777963 777;
28437 203799280 247;
28684 203799528 779;
29463 203816739 221;
29684 203817480 24;
29708 203817505 261;
29969 203821874 763;
30732 203822638 263;
30995 203833171 761;
31756 203833933 265;
32021 203845495 747;
58:
0 203505664 12;
12 203505677 1024;
1036 203506703 1024;
2060 203507728 1003;
3063 203509758 21;
3084 203509780 1005;
4089 203511812 19;
4108 203511832 1007;
5115 203514893 17;
5132 203514911 1009;
6141 203516947 15;
6156 203516963 1011;
7167 203519001 13;
7180 203519015 1024;
8204 203520040 1015;
9219 203522568 9;
9228 203522578 531;
9759 203524136 493;
10252 203524630 533;
10785 203526190 491;
11276 203526682 535;
11811 203528244 489;
12300 203528734 1024;
13324 203529759 539;
13863 203531325 485;
14348 203531811 477;
14825 203574367 547;
15372 203574915 479;
15851 203591826 545;
16396 203592372 481;
16877 203604150 543;
17420 203604694 483;
17903 203630852 541;
18444 203631394 485;
18929 203661662 539;
19468 203662202 487;
19955 203673986 537;
20492 203674524 489;
20981 203697607 535;
21516 203698143 491;
22007 203700688 533;
22540 203701222 493;
23033 203718147 509;
23542 203719170 4;
23546 203720201 18;
23564 203720220 1008;
24572 203744849 16;
24588 203744866 1010;
25598 203761281 14;
25612 203761296 1012;
26624 203775659 12;
26636 203775672 1014;
27650 203797226 10;
27660 203797237 1016;
28676 203817766 8;
28684 203817775 1018;
29702 203825982 6;
29708 203825989 1020;
30728 203840360 4;
30732 203840365 1022;
31754 203855765 2;
31756 203855768 1012;
59:
0 203503616 12;
12 203503629 1024;
1036 203504655 1009;
2045 203508731 15;
2060 203508747 1011;
3071 203510785 13;
3084 203510799 1013;
4097 203512839 11;
4108 203512851 1024;
5132 203513876 1017;
6149 203515920 7;
6156 203515928 1019;
7175 203517974 5;
7180 203517980 1021;
8201 203521055 3;
8204 203521059 989;
9193 203523109 35;
9228 203523145 991;
10219 203525163 33;
10252 203525197 993;
11245 203527217 31;
11276 203527249 995;
12271 203530298 29;
12300 203530328 997;
13297 203559989 27;
13324 203560017 999;
14323 203576421 25;
14348 203576447 1001;
15349 203597988 23;
15372 203598012 1003;
16375 203610312 21;
16396 203610334 1005;
17401 203638041 19;
17420 203638061 1007;
18427 203647284 17;
18444 203647302 1009;
19453 203675013 15;
19468 203675029 1011;
20479 203702742 13;
20492 203702756 1013;
21505 203717120 11;
21516 203717132 1015;
22531 203726363 9;
22540 203726373 1017;
23557 203746903 7;
23564 203746911 1019;
24583 203751938 5;
24588 203768470 1024;
25612 203769495 2;
25614 203778740 1022;
26636 203779763 4;
26640 203794145 1020;
27660 203795166 6;
27666 203812631 1018;
28684 203813650 8;
28692 203836252 1016;
29708 203837269 10;
29718 203846522 1014;
30732 203847537 12;
30744 203860900 1012;
31756 203861913 14;
31770 203863981 998;
11:
0 203532288 12;
12 203532301 1003;
1015 203534320 21;
1036 203534343 1001;
2037 203536368 23;
2060 203536392 1003;
3063 203538422 21;
3084 203538444 1005;
4089 203541503 19;
4108 203541523 1024;
5132 203542548 1009;
6141 203544584 15;
6156 203544600 1011;
7167 203547665 13;
7180 203547679 1013;
8193 203549719 11;
8204 203549731 1015;
9219 203552800 9;
9228 203552810 1017;
10245 203555336 7;
10252 203555344 1024;
11276 203556369 539;
11815 203557935 485;
12300 203558421 541;
12841 203571286 483;
13324 203571770 543;
13867 203585664 481;
14348 203586146 545;
14893 203603123 479;
15372 203603603 547;
15919 203615447 477;
16396 203615925 549;
16945 203635987 475;
17420 203636463 551;
17971 203642149 473;
18444 203642623 553;
18997 203656527 471;
19468 203656999 555;
20023 203676040 469;
20492 203676510 557;
21049 203687337 467;
21516 203687805 559;
22075 203701715 465;
22540 203702181 561;
23101 203728417 463;
23564 203728881 563;
24127 203741768 461;
24588 203742230 565;
25153 203755119 459;
25612 203755579 567;
26179 203781821 457;
26636 203782279 569;
27205 203792091 455;
27660 203792547 571;
28231 203808523 453;
28684 203808977 573;
29257 203823928 451;
29708 203824380 575;
30283 203843441 449;
30732 203843891 577;
31309 203852684 447;
31756 203853132 579;
32335 203859873 433;
51:
0 203533304 12;
12 203533317 1003;
1015 203535344 21;
1036 203535367 1001;
2037 203537395 23;
2060 203537419 1003;
3063 203539449 21;
3084 203539471 1024;
4108 203540496 1007;
5115 203543557 17;
5132 203543575 1009;
6141 203545611 15;
6156 203545627 1024;
7180 203546652 1013;
8193 203548692 11;
8204 203548704 1015;
9219 203550746 9;
9228 203550756 1024;
10252 203551781 1019;
11271 203553827 5;
11276 203553833 983;
12259 203555330 6;
12265 203556908 35;
12300 203556944 991;
13291 203568205 33;
13324 203568239 993;
14317 203588745 31;
14348 203588777 995;
15343 203602096 29;
15372 203602126 997;
16369 203623663 27;
16396 203623691 999;
17395 203632906 25;
17420 203632932 1001;
18421 203657554 23;
18444 203657578 1003;
19447 203669878 21;
19468 203669900 1005;
20473 203680148 19;
20492 203680168 1007;
21499 203703769 17;
21516 203703787 1009;
22525 203713012 15;
22540 203713028 1011;
23551 203733552 13;
23564 203733566 1013;
24577 203752038 11;
24588 203752050 1015;
25603 203767443 9;
25612 203767453 1017;
26629 203784902 7;
26636 203784910 1019;
27655 203811604 5;
27660 203811610 1021;
28681 203822901 3;
28684 203822905 1023;
29707 203844468 1;
29708 203844470 1024;
30732 203858846 1024;
31756 203859871 2;
31758 203862954 1010;
4:
0 204027904 12;
12 204027917 1024;
1036 204028943 1024;
2060 204029968 1003;
3063 204031998 21;
3084 204032020 1005;
4089 204035068 19;
4108 204035088 1007;
5115 204039173 17;
5132 204039191 1009;
6141 204050470 15;
6156 204050486 1011;
7167 204090411 13;
7180 204090425 1013;
8193 204119156 11;
8204 204119168 1015;
9219 204162287 9;
9228 204162297 1017;
10245 204195151 7;
10252 204195159 1019;
11271 204229042 5;
11276 204229048 1021;
12297 204259852 3;
12300 204259856 1023;
13323 204287581 1;
13324 204287583 1024;
14348 204331742 1024;
15372 204332767 2;
15374 204370768 1022;
16396 204371791 4;
16400 204399524 1020;
17420 204400545 6;
17426 204435469 1018;
18444 204436488 8;
18452 204469360 912;
19364 204470304 83;
19447 204501197 21;
19468 204501219 1005;
20473 204539196 19;
20492 204539216 1007;
21499 204561790 17;
21516 204561808 1009;
22525 204596708 15;
22540 204596724 1011;
23551 204634707 13;
23564 204634721 1013;
24577 204685030 11;
24588 204685042 1015;
25603 204720975 9;
25612 204720985 1017;
26629 204756920 7;
26636 204756928 1019;
27655 204781568 5;
27660 204781574 1021;
28681 204804162 3;
28684 204804166 1023;
29707 204833945 1;
29708 204833947 1024;
30732 204863728 1024;
31756 204864753 2;
31758 204892484 1010;
5:
0 204025856 12;
12 204025869 1024;
1036 204026895 1009;
2045 204030971 15;
2060 204030987 1011;
3071 204033025 13;
3084 204033039 1013;
4097 204036095 11;
4108 204036107 1015;
5123 204038146 9;
5132 204038156 1017;
6149 204043281 7;
6156 204043289 1019;
7175 204094519 5;
7180 204094525 1021;
8201 204125318 3;
8204 204125322 1023;
9227 204158179 1;
9228 204158181 1024;
10252 204187962 1024;
11276 204188987 2;
11278 204216718 1022;
12300 204217741 4;
12304 204233150 1020;
13324 204234171 6;
13330 204263960 1018;
14348 204264979 8;
14356 204282446 1016;
15372 204283463 10;
15382 204313256 1014;
16396 204314271 12;
16408 204355363 1012;
17420 204356376 14;
17434 204388227 1010;
18444 204389238 16;
18460 204412875 1008;
19468 204413884 18;
19486 204438550 1002;
20488 204467306 4;
20492 204467311 913;
21405 204468240 93;
21498 204496062 18;
21516 204496081 1008;
22524 204528926 16;
22540 204528943 1010;
23550 204565898 14;
23564 204565913 615;
24179 204566536 389;
24568 204606978 20;
24588 204606999 1006;
25594 204639842 18;
25612 204639861 1008;
26620 204662436 16;
26636 204662453 1010;
27646 204696327 14;
27660 204696342 1012;
28672 204715840 12;
28684 204715853 1014;
29698 204751785 10;
29708 204751796 1016;
30724 204791838 8;
30732 204791847 1018;
31750 204822648 6;
31756 204822655 1012;
7:
0 203830543 1;
1 203850242 6;
7 203865008 5;
12 203865014 10;
22 203865048 32;
54 203865840 64;
118 203866160 128;
246 203869888 256;
502 203873392 512;
1014 203883016 22;
1036 203883040 848;
1884 203915813 176;
2060 203915990 850;
2910 203942931 174;
3084 203943106 852;
3936 203974274 172;
4108 203974447 854;
4962 204003832 170;
5132 204004003 856;
5988 204064766 168;
6156 204064935 858;
7014 204106320 166;
7180 204106487 860;
8040 204155098 164;
8204 204155263 862;
9066 204181800 162;
9228 204181963 864;
10092 204217745 160;
10252 204217906 866;
11118 204266014 158;
11276 204266173 868;
12144 204292716 156;
12300 204292873 870;
13170 204335850 154;
13324 204336005 872;
14196 204369741 152;
14348 204369894 874;
15222 204402605 150;
15372 204402756 876;
16248 204432388 148;
16396 204432537 878;
17274 204472834 6;
17280 204489900 140;
17420 204490041 886;
18306 204523791 138;
18444 204523930 888;
19332 204556655 136;
19468 204556792 890;
20358 204585411 134;
20492 204585546 892;
21384 204619302 132;
21516 204619435 894;
22410 204644977 130;
22540 204645108 896;
23436 204676814 128;
23564 204676943 898;
24462 204701462 126;
24588 204701589 107;
24695 204702216 273;
24968 204725083 644;
25612 204725728 382;
25994 204760001 642;
26636 204760644 384;
27020 204793892 640;
27660 204794533 386;
28046 204815459 638;
28684 204816098 388;
29072 204841134 636;
29708 204841771 390;
30098 204861674 634;
30732 204862309 392;
31124 204883241 632;
31756 204883874 394;
32150 204903781 618;
6:
0 203830544 1;
1 203865024 11;
12 203865036 12;
24 203865080 32;
56 203865456 64;
120 203865904 128;
248 203867456 256;
504 203875440 512;
1016 203894776 20;
1036 203894798 1002;
2038 203923460 22;
2060 203923483 1004;
3064 203947039 20;
3084 203947060 972;
4056 203970681 52;
4108 203970734 974;
5082 204010506 50;
5132 204010557 976;
6108 204046850 6;
6114 204057659 42;
6156 204057702 984;
7140 204086303 40;
7180 204086344 986;
8166 204105293 38;
8204 204105332 988;
9192 204135585 36;
9228 204135622 990;
10218 204179746 34;
10252 204179781 992;
11244 204213637 32;
11276 204213670 994;
12270 204262933 30;
12300 204262964 996;
13296 204295797 28;
13324 204295826 998;
14322 204324553 26;
14348 204324580 1000;
15348 204345093 24;
15372 204345118 1002;
16374 204362552 22;
16396 204362575 1004;
17400 204397470 20;
17420 204397491 1006;
18426 204425199 18;
18444 204425218 1008;
19452 204454982 16;
19468 204454999 1010;
20478 204481684 14;
20492 204481699 1012;
21504 204498116 12;
21516 204498129 1014;
22530 204505602 6;
22536 204528540 4;
22540 204537143 713;
23253 204554601 311;
23564 204554913 715;
24279 204602870 309;
24588 204603180 212;
24800 204617248 812;
25612 204618061 214;
25826 204658328 810;
26636 204659139 216;
26852 204695300 808;
27660 204696109 218;
27878 204724056 806;
28684 204724863 220;
28904 204757947 804;
29708 204758752 222;
29930 204792865 802;
30732 204793668 224;
30956 204831891 800;
31756 204832692 76;
31832 204851404 936;
15:
0 203830545 1;
1 203865160 11;
12 203865172 44;
56 203865280 64;
120 203866032 128;
248 203868608 256;
504 203874416 512;
1016 203881328 20;
1036 203881350 1002;
2038 203903492 22;
2060 203903515 1004;
3064 203924487 20;
3084 203924508 1006;
4090 203944985 18;
4108 203945004 1008;
5116 203964912 16;
5132 203964929 1010;
6142 203997188 14;
6156 203997203 1012;
7168 204041227 12;
7180 204041240 1014;
8194 204075006 10;
8204 204075017 1016;
9220 204098683 8;
9228 204098692 1018;
10246 204143801 6;
10252 204143808 832;
11084 204165368 192;
11276 204165561 834;
12110 204215691 190;
12300 204215882 836;
13136 204246501 188;
13324 204246690 838;
14162 204274230 186;
14348 204274417 840;
15188 204307094 184;
15372 204307279 842;
16214 204343039 182;
16396 204343222 844;
17240 204381038 180;
17420 204381219 846;
18266 204416983 178;
18444 204417162 848;
19292 204449847 176;
19468 204450024 850;
20318 204485792 174;
20492 204485967 852;
21344 204512494 172;
21516 204512667 854;
22370 204551520 170;
22540 204551691 856;
23396 204601843 168;
23564 204602012 858;
24422 204635734 166;
24588 204635901 259;
24847 204636680 81;
24928 204648058 684;
25612 204648743 342;
25954 204690165 682;
26636 204690848 344;
26980 204718921 680;
27660 204719602 346;
28006 204749731 678;
28684 204750410 348;
29032 204778487 676;
29708 204779164 350;
30058 204800520 561;
30619 204817513 113;
30732 204817627 913;
31645 204838053 111;
31756 204838165 915;
32671 204867836 97;
14:
0 203686402 6;
6 203784706 6;
12 203865113 47;
59 203865216 64;
123 203865584 128;
251 203867136 256;
507 203877744 512;
1019 203890683 17;
1036 203890702 1005;
2041 203911705 19;
2060 203911725 1007;
3067 203940877 17;
3084 203940895 1009;
4093 203978379 15;
4108 203978395 1011;
5119 204011533 13;
5132 204011547 1013;
6145 204054578 11;
6156 204054590 1015;
7171 204100737 9;
7180 204100747 1017;
8197 204139693 7;
8204 204139701 1019;
9223 204171530 5;
9228 204171536 1021;
10249 204207475 3;
10252 204207479 1023;
11275 204238285 1;
11276 204238287 1024;
12300 204260879 1024;
13324 204261904 2;
13326 204299905 1022;
14348 204300928 4;
14352 204320445 1020;
15372 204321466 6;
15378 204350228 1018;
16396 204351247 8;
16404 204377957 1016;
17420 204378974 10;
17430 204401578 1014;
18444 204402593 12;
18456 204440072 532;
18988 204446766 480;
19468 204447247 546;
20014 204479630 478;
20492 204480109 548;
21040 204510440 476;
21516 204510917 550;
22066 204530980 474;
22540 204531455 552;
23092 204575141 472;
23564 204575614 554;
24118 204611086 470;
24588 204611557 556;
25144 204626491 468;
25612 204626960 558;
26170 204655247 466;
26636 204655714 560;
27196 204707624 464;
27660 204708089 562;
28222 204754866 462;
28684 204755329 564;
29248 204790811 460;
29708 204791272 566;
30274 204829837 458;
30732 204830296 568;
31300 204858593 456;
31756 204859050 570;
32326 204888376 442;
20:
0 203865344 12;
12 203865357 43;
55 203865520 64;
119 203865712 128;
247 203866576 256;
503 203869184 512;
1015 203876720 21;
1036 203876743 1001;
2037 203899384 23;
2060 203899408 1003;
3063 203905546 21;
3084 203905568 1005;
4089 203916840 19;
4108 203916860 452;
4560 203926541 572;
5132 203927114 454;
5586 203939850 570;
6156 203940421 456;
6612 203960667 568;
7180 203961236 458;
7638 203987098 566;
8204 203987665 460;
8664 204016668 564;
9228 204017233 462;
9690 204073979 562;
10252 204074542 464;
10716 204109401 560;
11276 204109962 466;
11742 204147909 558;
12300 204148468 468;
12768 204197205 556;
13324 204197762 470;
13794 204230069 554;
14348 204230624 472;
14820 204257798 552;
15372 204258351 474;
15846 204276226 6;
15852 204297851 544;
16396 204298396 482;
16878 204328661 542;
17420 204329204 484;
17904 204366660 540;
18444 204367201 486;
18930 204408767 538;
19468 204409306 488;
19956 204427253 536;
20492 204427790 490;
20982 204462171 534;
21516 204462706 492;
22008 204492981 532;
22540 204493514 494;
23034 204533034 530;
23564 204533565 496;
24060 204566925 528;
24588 204567454 498;
25086 204584384 526;
25612 204584911 500;
26112 204614167 524;
26636 204614692 502;
27138 204654220 522;
27660 204654743 504;
28164 204692219 520;
28684 204692740 506;
29190 204722002 518;
29708 204722521 508;
30216 204750758 516;
30732 204751275 510;
31242 204784649 514;
31756 204785164 512;
32268 204813405 500;
23:
0 203865400 12;
12 203865413 43;
55 203866456 64;
119 203867968 128;
247 203868864 256;
503 203871728 512;
1015 203884400 21;
1036 203884423 1001;
2037 203904519 23;
2060 203904543 1003;
3063 203913759 21;
3084 203913781 1005;
4089 203950120 19;
4108 203950140 1007;
5115 203989149 17;
5132 203989167 1009;
6141 204023854 15;
6156 204023870 1011;
7167 204078087 13;
7180 204078101 1003;
8183 204101956 21;
8204 204101978 1005;
9209 204130450 19;
9228 204130470 1007;
10235 204145154 6;
10241 204168449 11;
10252 204168461 1015;
11267 204177922 6;
11273 204200286 3;
11276 204200290 1023;
12299 204218772 1;
12300 204218774 1024;
13324 204253690 1024;
14348 204254715 2;
14350 204285527 1022;
15372 204286550 4;
15376 204316337 1020;
16396 204317358 6;
16402 204352282 1018;
17420 204353301 8;
17428 204385146 1016;
18444 204386163 10;
18454 204410821 1014;
19468 204411836 12;
19480 204442658 1012;
20492 204443671 14;
20506 204482711 1010;
21516 204483722 16;
21532 204522136 628;
22160 204542277 380;
22540 204542658 646;
23186 204582330 378;
23564 204582709 648;
24212 204613140 376;
24588 204613517 650;
25238 204638815 374;
25612 204639190 652;
26264 204667571 372;
26636 204667944 654;
27290 204713786 370;
27660 204714157 656;
28316 204746650 368;
28684 204747019 658;
29342 204764109 366;
29708 204764476 660;
30368 204767746 6;
30374 204803135 358;
30732 204803494 668;
31400 204835999 356;
31756 204836356 670;
32426 204870917 342;
30:
0 203886592 12;
12 203886605 1024;
1036 203887631 1001;
2037 203910678 23;
2060 203910702 1003;
3063 203934715 21;
3084 203934737 1005;
4089 203952174 19;
4108 203952194 1007;
5115 203966835 17;
5132 203966853 1009;
6141 203993080 15;
6156 203993096 1011;
7167 204014088 13;
7180 204014102 512;
7692 204019746 512;
8204 204020259 514;
8718 204059713 510;
9228 204060224 448;
9676 204093492 576;
10252 204094069 450;
10702 204112386 6;
10708 204138666 568;
11276 204139235 458;
11734 204194124 566;
12300 204194691 460;
12760 204220826 564;
13324 204221391 462;
13786 204255744 562;
14348 204256307 464;
14812 204301959 560;
15372 204302520 466;
15838 204330715 558;
16396 204331274 468;
16864 204357417 556;
17420 204357974 470;
17890 204394389 554;
18444 204394944 472;
18916 204441631 552;
19468 204442184 474;
19942 204463198 550;
20492 204463749 476;
20968 204494008 548;
21516 204494557 478;
21994 204522764 546;
22540 204523311 480;
23020 204576168 544;
23564 204576713 482;
24046 204605951 542;
24588 204606494 484;
25072 204640869 540;
25612 204641410 486;
26098 204670652 538;
26636 204671191 488;
27124 204706597 536;
27660 204707134 490;
28150 204737407 534;
28684 204737942 492;
29176 204779514 532;
29708 204780047 494;
30202 204798000 530;
30732 204798531 496;
31228 204846269 528;
31756 204846798 498;
32254 204866056 514;
29:
0 203892736 12;
12 203892749 1024;
1036 203893775 1001;
2037 203906573 23;
2060 203906597 1003;
3063 203915778 6;
3069 203943958 15;
3084 203943974 1011;
4095 203971708 13;
4108 203971722 1013;
5121 204001296 11;
5132 204001308 1015;
6147 204046856 9;
6156 204046866 523;
6679 204055605 501;
7180 204056107 525;
7705 204088357 499;
8204 204088857 527;
8731 204122237 497;
9228 204122735 529;
9757 204145855 495;
10252 204146351 531;
10783 204175638 493;
11276 204176132 533;
11809 204204394 491;
12300 204204886 535;
12835 204243464 489;
13324 204243954 493;
13817 204272176 531;
14348 204272708 495;
14843 204305040 529;
15372 204305570 497;
15869 204326607 527;
16396 204327135 499;
16895 204375903 525;
17420 204376429 501;
17921 204398497 523;
18444 204399021 503;
18947 204420064 521;
19468 204420586 505;
19973 204461144 519;
20492 204461664 507;
20999 204505608 517;
21516 204506126 206;
21722 204535088 742;
22464 204535992 76;
22540 204536069 46;
22586 204557682 654;
23240 204558368 324;
23564 204558693 16;
23580 204604924 1008;
24588 204605933 18;
24606 204641896 1006;
25612 204642903 20;
25632 204682976 1004;
26636 204683981 22;
26658 204716867 1002;
27660 204717870 24;
27684 204734326 138;
27822 204734984 369;
28191 204755893 493;
28684 204756387 533;
29217 204776433 491;
29708 204776925 535;
30243 204814432 489;
30732 204814922 537;
31269 204834972 487;
31756 204835460 539;
32295 204852431 473;
39:
0 203917312 12;
12 203917325 1024;
1036 203918351 1024;
2060 203919376 1024;
3084 203920401 1024;
4108 203921426 1007;
5115 203938823 17;
5132 203938841 1009;
6141 203953201 15;
6156 203953217 1011;
7167 203969398 13;
7180 203969412 1013;
8193 203999242 11;
8204 203999254 1015;
9219 204024881 9;
9228 204024891 965;
10193 204065793 59;
10252 204065853 967;
11219 204096573 57;
11276 204096631 969;
12245 204127372 55;
12300 204127428 971;
13271 204160233 53;
13324 204160287 973;
14297 204191043 51;
14348 204191095 975;
15323 204237258 49;
15372 204237308 977;
16349 204270122 47;
16396 204270170 979;
17375 204294770 45;
17420 204294816 981;
18401 204321472 43;
18444 204321516 983;
19427 204358444 41;
19468 204358486 985;
20453 204391308 39;
20492 204391348 987;
21479 204422118 37;
21516 204422156 989;
22505 204450874 35;
22540 204450910 930;
23470 204451872 29;
23499 204495035 65;
23564 204495101 961;
24525 204534061 63;
24588 204534125 963;
25551 204555628 61;
25612 204555690 965;
26577 204595681 59;
26636 204595741 967;
27603 204633680 57;
27660 204633738 969;
28629 204663463 55;
28684 204663519 971;
29655 204686057 53;
29708 204686111 973;
30681 204726110 51;
30732 204726162 975;
31707 204752812 49;
31756 204752862 977;
32733 204774379 35;
46:
0 203931648 12;
12 203931661 1024;
1036 203932687 1024;
2060 203933712 1003;
3063 203959512 21;
3084 203959534 1005;
4089 203981969 19;
4108 203981989 1007;
5115 204007425 17;
5132 204007443 1009;
6141 204056632 15;
6156 204056648 1011;
7167 204107347 13;
7180 204107361 1013;
8193 204134558 11;
8204 204134570 1015;
9219 204172557 9;
9228 204172567 1017;
10245 204210696 7;
10252 204210704 879;
11131 204245474 145;
11276 204245620 881;
12157 204278338 143;
12300 204278482 883;
13183 204308121 141;
13324 204308263 217;
13541 204309000 148;
13689 204319418 659;
14348 204320078 367;
14715 204351255 657;
15372 204351913 369;
15741 204380011 655;
16396 204380667 371;
16767 204418010 653;
17420 204418664 373;
17793 204459090 651;
18444 204459742 375;
18819 204490927 649;
19468 204491577 377;
19845 204514548 647;
20492 204515196 379;
20871 204550493 645;
21516 204551139 381;
21897 204586438 643;
22540 204587082 383;
22923 204616221 641;
23564 204616863 385;
23949 204643950 639;
24588 204644590 387;
24975 204678868 637;
25612 204679506 389;
26001 204704543 635;
26636 204705179 391;
27027 204732272 633;
27660 204732906 393;
28053 204766163 631;
28684 204766795 395;
29079 204789784 629;
29708 204790414 397;
30105 204820594 627;
30732 204821222 399;
31131 204854485 625;
31756 204855111 401;
32157 204879133 611;
47:
0 203866288 8;
8 203866304 4;
12 203866309 11;
23 203866336 32;
55 203866832 64;
119 203868480 128;
247 203871216 256;
503 203892731 5;
508 203896824 512;
1020 203907600 16;
1036 203907618 1006;
2042 203936769 18;
2060 203936788 1008;
3068 203956882 16;
3084 203956899 1010;
4094 203976325 14;
4108 203976340 1012;
5120 204008452 12;
5132 204008465 1014;
6146 204058686 10;
6156 204058697 1016;
7172 204095546 8;
7180 204095555 1018;
8198 204126345 6;
8204 204126352 1020;
9224 204177928 4;
9228 204177933 786;
10014 204199259 238;
10252 204199498 788;
11040 204212610 236;
11276 204212847 790;
12066 204242393 234;
12300 204242628 316;
12616 204250609 708;
13324 204251318 318;
13642 204293743 706;
14348 204294450 320;
14668 204322499 704;
15372 204323204 322;
15694 204365633 702;
16396 204366336 324;
16720 204413902 700;
17420 204414603 326;
17746 204451901 698;
18444 204452600 328;
18772 204480657 696;
19468 204481354 330;
19798 204525845 694;
20492 204526540 332;
20824 204570006 618;
21442 204579249 74;
21516 204579324 952;
22468 204612113 72;
22540 204612186 954;
23494 204656274 70;
23564 204656345 956;
24520 204673733 68;
24588 204673802 958;
25546 204708651 66;
25612 204708718 960;
26572 204738434 64;
26636 204738499 962;
27598 204772325 62;
27660 204772388 964;
28624 204840107 60;
28684 204840168 966;
29650 204868863 58;
29708 204868922 968;
30676 204899673 56;
30732 204899730 970;
31702 204907889 54;
31756 204907944 972;
32728 204916105 40;
45:
0 203866296 8;
8 203866320 4;
12 203866325 11;
23 203866368 32;
55 203866896 64;
119 203867840 128;
247 203870832 256;
503 203872368 512;
1015 203898360 21;
1036 203898383 1001;
2037 203927568 23;
2060 203927592 756;
2816 203928349 3;
2819 203928353 242;
3061 203963297 23;
3084 203963321 1003;
4087 204012560 21;
4108 204012582 986;
5094 204047389 38;
5132 204047428 988;
6120 204085276 36;
6156 204085313 990;
7146 204108374 34;
7180 204108409 992;
8172 204131477 32;
8204 204131510 994;
9198 204153044 30;
9228 204153075 996;
10224 204174611 28;
10252 204174640 998;
11250 204219799 26;
11276 204219826 1000;
12276 204268068 24;
12300 204268093 1002;
13302 204304013 22;
13324 204304036 1004;
14328 204348174 20;
14348 204348195 1006;
15354 204372822 18;
15372 204372841 1008;
16380 204409794 16;
16396 204409811 1010;
17406 204443685 14;
17420 204443700 1012;
18432 204474495 12;
18444 204474508 1014;
19458 204507359 10;
19468 204507370 1016;
20484 204532007 8;
20492 204532016 1018;
21510 204573087 6;
21516 204573094 1020;
22536 204600816 4;
22540 204600821 1022;
23562 204647031 2;
23564 204647034 1024;
24588 204677842 1024;
25612 204678867 1;
25613 204710705 1023;
26636 204711729 3;
26639 204748704 1021;
27660 204749726 5;
27665 204806216 1019;
28684 204807236 7;
28691 204827783 1017;
29708 204828801 9;
29717 204860647 1015;
30732 204861663 11;
30743 204872971 1013;
31756 204873985 13;
31769 204894538 999;
52:
0 203870208 12;
12 203870221 43;
55 203870320 64;
119 203871088 128;
247 203876464 256;
503 203882352 144;
647 203883888 389;
1036 203884279 121;
1157 203897336 903;
2060 203898240 120;
2180 203912732 904;
3084 203913637 122;
3206 203935742 902;
4108 203936645 124;
4232 203958485 900;
5132 203959386 126;
5258 203981320 649;
5907 203995134 249;
6156 203995384 777;
6933 204017695 247;
7180 204017943 779;
7959 204053551 245;
8204 204053797 781;
8985 204087330 243;
9228 204087574 783;
10011 204112482 241;
10252 204112724 785;
11037 204136612 239;
11276 204136852 787;
12063 204176665 237;
12300 204176903 505;
12805 204203367 519;
13324 204203887 507;
13831 204234177 517;
14348 204234695 509;
14857 204279365 515;
15372 204279881 511;
15883 204311202 513;
16396 204311716 513;
16909 204340985 263;
17172 204341768 244;
17416 204353309 4;
17420 204353314 1022;
18442 204386173 2;
18444 204386176 1024;
19468 204415957 1024;
20492 204416982 1;
20493 204452928 1023;
21516 204453952 3;
21519 204487846 1021;
22540 204488868 5;
22545 204506332 1019;
23564 204507352 7;
23571 204544331 1017;
24588 204545349 9;
24597 204574114 1015;
25612 204575130 11;
25623 204615194 1013;
26636 204616208 13;
26649 204660382 1011;
27660 204661394 15;
27675 204694273 1009;
28684 204695283 17;
28701 204728164 1007;
29708 204729172 19;
29727 204775406 1005;
30732 204776412 21;
30753 204799027 973;
31726 204809297 30;
31756 204809328 996;
32752 204826756 16;
37:
0 203866400 12;
12 203866413 43;
55 203867072 64;
119 203867712 128;
247 203868096 256;
503 203873904 512;
1015 203886451 21;
1036 203886474 118;
1154 203895800 906;
2060 203896707 117;
2177 203901438 907;
3084 203902346 119;
3203 203925514 905;
4108 203926420 121;
4229 203941904 903;
5132 203942808 123;
5255 203949093 901;
6156 203949995 125;
6281 203977352 899;
7180 203978252 127;
7307 203981314 6;
7313 203996161 891;
8204 203997053 135;
8339 204014614 889;
9228 204015504 137;
9365 204048416 887;
10252 204049304 139;
10391 204089384 885;
11276 204090270 141;
11417 204117102 883;
12300 204117986 143;
12443 204152017 881;
13324 204152899 145;
13469 204188989 879;
14348 204189869 147;
14495 204221853 877;
15372 204222731 149;
15521 204256771 875;
16396 204257647 151;
16547 204273203 873;
17420 204274077 153;
17573 204310175 871;
18444 204311047 155;
18599 204342012 869;
19468 204342882 157;
19625 204389254 867;
20492 204390122 159;
20651 204411848 865;
21516 204412714 161;
21677 204445739 863;
22540 204446603 163;
22703 204483738 861;
23564 204484600 165;
23729 204524818 859;
24588 204525678 167;
24755 204558709 857;
25612 204559567 169;
25781 204590546 855;
26636 204591402 171;
26807 204610059 853;
27660 204610913 173;
27833 204637788 851;
28684 204638640 175;
28859 204672706 849;
29708 204673556 177;
29885 204697354 246;
30131 204697624 601;
30732 204698226 155;
30887 204727137 869;
31756 204728007 157;
31913 204758974 855;
44:
0 203866520 12;
12 203866533 43;
55 203867392 64;
119 203868352 128;
247 203873136 256;
503 203878256 512;
1015 203891707 21;
1036 203891730 1001;
2037 203928595 23;
2060 203928619 1003;
3063 203955535 21;
3084 203955557 1005;
4089 203986071 19;
4108 203986091 1007;
5115 204009479 17;
5132 204009497 1009;
6141 204069901 15;
6156 204069917 995;
7151 204099710 29;
7180 204099740 997;
8177 204142774 27;
8204 204142802 999;
9203 204180773 25;
9228 204180799 1001;
10229 204231096 23;
10252 204231120 1003;
11255 204249582 21;
11276 204249604 1005;
12281 204286554 19;
12300 204286574 1007;
13307 204306067 17;
13324 204306085 1009;
14333 204308994 6;
14339 204333796 9;
14348 204333806 1017;
15365 204367687 7;
15372 204367695 1019;
16391 204396443 5;
16396 204396449 1021;
17417 204431361 3;
17420 204431365 1023;
18443 204456009 1;
18444 204456011 1024;
19468 204468233 7;
19475 204497089 1017;
20492 204498107 9;
20501 204538376 820;
21321 204548439 195;
21516 204548635 831;
22347 204578222 193;
22540 204578416 833;
23373 204609032 191;
23564 204609224 835;
24399 204642923 189;
24588 204643113 837;
25425 204691192 187;
25612 204691380 839;
26451 204723029 185;
26636 204723215 841;
27477 204734978 6;
27483 204763082 177;
27660 204763260 849;
28509 204812378 175;
28684 204812554 851;
29535 204837026 173;
29708 204837200 853;
30561 204859620 171;
30732 204859792 855;
31587 204884268 169;
31756 204884438 857;
32613 204902754 155;
63:
0 203867016 12;
12 203867029 43;
55 203869120 64;
119 203869760 128;
247 203870576 256;
503 203874928 512;
1015 203880304 21;
1036 203880327 1001;
2037 203889656 23;
2060 203889680 1003;
3063 203902465 21;
3084 203902487 1005;
4089 203914786 19;
4108 203914806 458;
4566 203915784 29;
4595 203929622 537;
5132 203930160 489;
5621 203946012 535;
6156 203946548 491;
6647 203961694 533;
7180 203962228 493;
7673 203985044 531;
8204 203985576 495;
8699 204021800 529;
9228 204022330 497;
9725 204068874 527;
10252 204069402 499;
10751 204110428 525;
11276 204110954 501;
11777 204148936 523;
12300 204149460 503;
12803 204164341 521;
13324 204164863 505;
13829 204196178 519;
14348 204196698 507;
14855 204235204 517;
15372 204235722 509;
15881 204271149 515;
16396 204271665 511;
16907 204314283 513;
17420 204314797 513;
17933 204346120 511;
18444 204346632 515;
18959 204376930 509;
19468 204377440 517;
19985 204414929 507;
20492 204415437 519;
21011 204453955 505;
21516 204454461 521;
22037 204471414 503;
22540 204471918 402;
22942 204500170 622;
23564 204500793 404;
23968 204543304 620;
24588 204543925 406;
24994 204572060 618;
25612 204572679 408;
26020 204603912 616;
26636 204604529 395;
27031 204630599 629;
27660 204631229 397;
28057 204659355 627;
28684 204659983 399;
29083 204684003 625;
29708 204684629 401;
30109 204719948 623;
30732 204720572 403;
31135 204753839 621;
31756 204754461 405;
32161 204816486 607;
60:
0 203870264 12;
12 203870277 43;
55 203870384 64;
119 203872240 128;
247 203872880 256;
503 203875952 512;
1015 203878768 21;
1036 203878791 1001;
2037 203885424 23;
2060 203885448 1003;
3063 203908624 21;
3084 203908646 1005;
4089 203922433 19;
4108 203922453 1007;
5115 203937796 17;
5132 203937814 1009;
6141 203951147 15;
6156 203951163 1011;
7167 203973247 13;
7180 203973261 1013;
8193 204000269 11;
8204 204000281 1015;
9219 204045335 9;
9228 204045345 991;
10219 204081168 33;
10252 204081202 993;
11245 204104266 31;
11276 204104298 995;
12271 204129423 29;
12300 204129453 997;
13297 204167422 27;
13324 204167450 999;
14323 204206448 25;
14348 204206474 1001;
15349 204244447 23;
15372 204244471 1003;
16375 204283473 21;
16396 204283495 1005;
17401 204315310 19;
17420 204315330 1007;
18427 204344066 17;
18444 204344084 1009;
19453 204384119 15;
19468 204384135 1011;
20479 204421091 13;
20492 204421105 1013;
21505 204440066 6;
21511 204447793 5;
21516 204447799 1021;
22537 204486819 3;
22540 204486823 1023;
23563 204517629 1;
23564 204517631 1024;
24588 204552547 1024;
25612 204553572 2;
25614 204594654 1022;
26636 204595677 4;
26640 204628545 1020;
27660 204629566 6;
27666 204668598 330;
27996 204669448 177;
28173 204688111 511;
28684 204688623 515;
29199 204717894 509;
29708 204718404 517;
30225 204743569 507;
30732 204744077 519;
31251 204785676 505;
31756 204786182 521;
32277 204795946 491;
55:
0 203866960 12;
12 203866973 43;
55 203869696 64;
119 203870144 64;
183 203870448 128;
311 203871472 256;
567 203879792 469;
1036 203880263 41;
1077 203888632 983;
2060 203889616 40;
2100 203900411 984;
3084 203901396 42;
3126 203909651 982;
4108 203910634 44;
4152 203930649 980;
5132 203931630 18;
5150 203948552 541;
5691 203954228 465;
6156 203954694 561;
6717 203994107 463;
7180 203994571 563;
7743 204022827 461;
8204 204023289 565;
8769 204079624 459;
9228 204080084 57;
9285 204091438 967;
10252 204092406 59;
10311 204141747 965;
11276 204142713 61;
11337 204169476 963;
12300 204170440 63;
12363 204198232 961;
13324 204199194 65;
13389 204228015 959;
14348 204228975 67;
14415 204251636 957;
15372 204252594 69;
15441 204281419 955;
16396 204282375 71;
16467 204312229 953;
17420 204313183 73;
17493 204360498 951;
18444 204361450 75;
18519 204407740 949;
19468 204408690 77;
19545 204444712 947;
20492 204445660 79;
20571 204470387 945;
21516 204471333 81;
21597 204502224 943;
22540 204503168 83;
22623 204526872 744;
23367 204538370 6;
23373 204549466 191;
23564 204549658 835;
24399 204577195 189;
24588 204577385 837;
25425 204608005 187;
25612 204608193 839;
26451 204650112 185;
26636 204650298 841;
27477 204689138 183;
27660 204689322 843;
28503 204702210 6;
28509 204739461 175;
28684 204739637 851;
29535 204777460 173;
29708 204777634 853;
30561 204800514 6;
30567 204818540 165;
30732 204818706 861;
31593 204847296 163;
31756 204847460 863;
32619 204866809 149;
13:
0 203928352 1;
1 203955303 11;
12 203955315 44;
56 203956562 64;
120 203956754 128;
248 203958165 256;
504 203962785 512;
1016 203975301 20;
1036 203975323 1002;
2038 204015641 22;
2060 204015664 1004;
3064 204077060 20;
3084 204077081 1006;
4090 204120183 18;
4108 204120202 1008;
5116 204145160 16;
5132 204145177 678;
5810 204166395 346;
6156 204166742 680;
6836 204202340 344;
7180 204202685 682;
7862 204241366 342;
8204 204241709 684;
8888 204243458 6;
8894 204276284 334;
9228 204276619 692;
9920 204296824 332;
10252 204297157 694;
10946 204339958 330;
11276 204340289 696;
11972 204371795 328;
12300 204372124 698;
12998 204400551 326;
13324 204400878 700;
14024 204433415 324;
14348 204433740 702;
15050 204475522 322;
15372 204475845 704;
16076 204520710 320;
16396 204521031 441;
16837 204541250 583;
17420 204541834 118;
17538 204541984 293;
17831 204568979 613;
18444 204569593 413;
18857 204591573 611;
19468 204592185 415;
19883 204620329 609;
20492 204620939 417;
20909 204666544 607;
21516 204667152 419;
21935 204680922 605;
22540 204681528 421;
22961 204705570 603;
23564 204706174 423;
23987 204747677 601;
24588 204748279 425;
25013 204780541 599;
25612 204781141 427;
26039 204807243 597;
26636 204807841 429;
27065 204862701 595;
27660 204863297 431;
28091 204875025 593;
28684 204875619 433;
29117 204895565 591;
29708 204896157 435;
30143 204910970 589;
30732 204911560 437;
31169 204920213 587;
31756 204920801 439;
32195 204930483 573;
12:
0 203928348 1;
1 203948546 6;
7 203955255 5;
12 203955261 42;
54 203955359 64;
118 203956626 128;
246 203957909 256;
502 203968886 512;
1014 203988125 22;
1036 203988149 1000;
2036 204044308 24;
2060 204044333 1002;
3062 204082195 22;
3084 204082218 1004;
4088 204115048 20;
4108 204115069 1006;
5114 204137639 18;
5132 204137658 1008;
6140 204163314 16;
6156 204163331 1010;
7166 204192070 14;
7180 204192085 1012;
8192 204222880 12;
8204 204222893 1014;
9218 204264987 10;
9228 204264998 1016;
10244 204300932 8;
10252 204300941 1018;
11270 204329688 6;
11276 204329695 1020;
12296 204359471 4;
12300 204359476 1022;
13322 204393362 2;
13324 204393365 1024;
14348 204424173 1024;
15372 204425198 1;
15373 204460117 1023;
16396 204461141 3;
16399 204488873 1021;
17420 204489895 5;
17425 204518656 1019;
18444 204519676 7;
18451 204559736 648;
19099 204560392 369;
19468 204560762 1;
19469 204580276 1023;
20492 204581300 3;
20495 204627518 1021;
21516 204628540 5;
21521 204665517 1019;
22540 204666537 7;
22547 204669442 6;
22553 204702489 1011;
23564 204703501 15;
23579 204735353 1009;
24588 204736363 17;
24605 204762055 1007;
25612 204763063 19;
25631 204794919 1005;
26636 204795925 21;
26657 204825729 1003;
27660 204826733 23;
27683 204848323 1001;
28684 204849325 25;
28709 204873998 999;
29708 204874998 27;
29735 204893511 997;
30732 204894509 29;
30761 204905835 995;
31756 204906831 31;
31787 204917132 981;
31:
0 203955423 12;
12 203955436 43;
55 203958421 64;
119 203960539 128;
247 203964324 92;
339 203970425 256;
595 203979406 441;
1036 203979849 69;
1105 203990176 864;
1969 204004859 91;
2060 204004951 935;
2995 204049443 89;
3084 204049533 937;
4021 204084249 87;
4108 204084337 939;
5047 204121210 85;
5132 204121296 941;
6073 204161260 83;
6156 204161344 943;
7099 204183854 81;
7180 204183936 945;
8125 204232123 79;
8204 204232203 947;
9151 204252663 77;
9228 204252741 949;
10177 204288608 75;
10252 204288684 951;
11203 204334823 73;
11276 204334897 953;
12229 204374876 71;
12300 204374948 955;
13255 204404659 69;
13324 204404729 957;
14281 204430334 67;
14348 204430402 959;
15307 204473468 65;
15372 204473534 961;
16333 204508386 63;
16396 204508450 963;
17359 204546385 61;
17420 204546447 965;
18385 204588492 59;
18444 204588552 967;
19411 204631626 57;
19468 204631684 969;
20437 204664490 55;
20492 204664546 971;
21463 204711732 53;
21516 204711786 973;
22489 204744596 51;
22540 204744648 975;
23515 204769244 49;
23564 204769294 977;
24541 204808270 47;
24588 204808318 979;
25567 204828810 45;
25612 204828856 981;
26593 204849350 43;
26636 204849394 983;
27619 204885295 41;
27660 204885337 985;
28645 204898824 39;
28684 204898864 809;
29493 204908916 215;
29708 204909132 811;
30519 204923294 213;
30732 204923508 813;
31545 204934591 211;
31756 204934803 815;
32571 204938699 197;
36:
0 203955479 12;
12 203955492 43;
55 203962721 64;
119 203965939 384;
503 203967862 512;
1015 203982996 21;
1036 203983019 1001;
2037 203998215 23;
2060 203998239 1003;
3063 204042254 21;
3084 204042276 1005;
4089 204083222 19;
4108 204083242 1007;
5115 204123264 17;
5132 204123282 1009;
6141 204149963 15;
6156 204149979 1011;
7167 204170503 13;
7180 204170517 1013;
8193 204201313 11;
8204 204201325 1015;
9219 204226988 9;
9228 204226998 1017;
10245 204261906 7;
10252 204261914 1019;
11271 204302986 5;
11276 204302992 1021;
12297 204323526 3;
12300 204323530 1023;
13323 204347147 1;
13324 204347149 1024;
14348 204364606 1024;
15372 204365631 2;
15374 204387200 1022;
16396 204388223 4;
16400 204434442 1020;
17420 204435463 6;
17426 204465252 1018;
18444 204466271 8;
18452 204504278 810;
19262 204528544 206;
19468 204528751 175;
19643 204536115 849;
20492 204536965 177;
20669 204562817 847;
21516 204563665 179;
21695 204587465 845;
22540 204588311 181;
22721 204636761 843;
23564 204637605 183;
23747 204671679 841;
24588 204672521 185;
24773 204700435 839;
25612 204701275 187;
25799 204740488 837;
26636 204741326 189;
26825 204786703 835;
27660 204787539 191;
27851 204805189 833;
28684 204806023 193;
28877 204823675 831;
29708 204824507 195;
29903 204842161 829;
30732 204842991 197;
30929 204853458 827;
31756 204854286 199;
31955 204882214 813;
38:
0 203964536 12;
12 203964549 43;
55 203964720 192;
247 203966579 256;
503 203972735 512;
1015 203979918 21;
1036 203979941 859;
1895 204002323 165;
2060 204002489 839;
2899 204052524 185;
3084 204052710 841;
3925 204102983 183;
4108 204103167 843;
4951 204133531 181;
5132 204133713 845;
5977 204178719 179;
6156 204178899 847;
7003 204223907 177;
7180 204224085 849;
8029 204269095 175;
8204 204269271 851;
9055 204317364 173;
9228 204317538 853;
10081 204356390 171;
10252 204356562 855;
11107 204392335 169;
11276 204392505 857;
12133 204426226 167;
12300 204426394 859;
13159 204466279 165;
13324 204466445 861;
14185 204515575 163;
14348 204515739 863;
15211 204535989 3;
15214 204564871 158;
15372 204565030 868;
16240 204597735 156;
16396 204597892 870;
17266 204621356 154;
17420 204621511 872;
18292 204657301 152;
18444 204657454 874;
19318 204687084 150;
19468 204687235 876;
20344 204731245 148;
20492 204731394 878;
21370 204773352 146;
21516 204773499 880;
22396 204819567 144;
22540 204819712 882;
23422 204850377 142;
23564 204850520 884;
24448 204878106 140;
24588 204878247 886;
25474 204891457 138;
25612 204891596 888;
26500 204898818 6;
26506 204909943 130;
26636 204910074 896;
27532 204919186 128;
27660 204919315 898;
28558 204927402 126;
28684 204927529 900;
29584 204937672 124;
29708 204937797 902;
30610 204944861 122;
30732 204944984 1024;
31756 204946009 1012;
28:
0 203964416 12;
12 203964429 107;
119 203964592 128;
247 203966323 256;
503 203968374 512;
1015 203984020 21;
1036 203984043 1001;
2037 204006398 23;
2060 204006422 1003;
3063 204080141 21;
3084 204080163 1005;
4089 204116075 19;
4108 204116095 1007;
5115 204150990 17;
5132 204151008 1009;
6141 204182827 15;
6156 204182843 1011;
7167 204208502 13;
7180 204208516 1013;
8193 204240339 11;
8204 204240351 1015;
9219 204277311 9;
9228 204277321 1017;
10245 204290662 7;
10252 204290670 1019;
11271 204337904 5;
11276 204337910 1021;
12297 204378984 3;
12300 204378988 1023;
13323 204419037 1;
13324 204419039 1024;
14348 204448820 1024;
15372 204449845 2;
15374 204477576 1022;
16396 204478599 4;
16400 204516602 1020;
17420 204517623 6;
17426 204567952 1018;
18444 204568971 8;
18452 204598762 1016;
19468 204599779 10;
19478 204618275 1014;
20492 204619290 12;
20504 204653193 1012;
21516 204654206 14;
21530 204693246 1010;
22540 204694257 16;
22556 204729191 1008;
23564 204730200 18;
23582 204768217 1006;
24588 204769224 20;
24608 204802108 1004;
25612 204803113 22;
25634 204830864 1002;
26636 204831867 24;
26660 204833282 6;
26666 204857566 994;
27660 204858561 32;
27692 204881187 992;
28684 204882180 34;
28718 204890430 990;
29708 204891421 36;
29744 204906862 988;
30732 204907851 38;
30770 204918159 986;
31756 204919146 40;
31796 204928429 972;
22:
0 203991040 12;
12 203991053 1024;
1036 203992079 1001;
2037 204014082 6;
2043 204020773 17;
2060 204020791 1009;
3069 204063739 15;
3084 204063755 1011;
4095 204118129 13;
4108 204118143 1013;
5121 204159206 11;
5132 204159218 1015;
6147 204186935 9;
6156 204186945 1017;
7173 204209529 7;
7180 204209537 639;
7819 204239312 385;
8204 204239698 641;
8845 204280392 383;
9228 204280776 643;
9871 204325580 381;
10252 204325962 645;
10897 204361525 379;
11276 204361905 647;
11923 204403632 377;
12300 204404010 649;
12949 204437523 375;
13324 204437899 651;
13975 204464225 373;
14348 204464599 653;
15001 204491954 371;
15372 204492326 655;
16027 204529953 369;
16396 204530323 657;
17053 204553574 367;
17420 204553942 659;
18079 204571138 6;
18085 204593627 359;
18444 204593987 667;
19111 204622383 357;
19468 204622741 669;
20137 204646004 355;
20492 204646360 671;
21163 204669625 353;
21516 204669979 673;
22189 204699408 351;
22540 204699760 675;
23215 204733299 349;
23564 204733649 677;
24241 204771298 347;
24588 204771646 679;
25267 204796973 345;
25612 204797319 681;
26293 204833288 343;
26636 204833632 313;
26949 204856539 711;
27660 204857251 315;
27975 204877079 709;
28684 204877789 317;
29001 204896592 707;
29708 204897300 319;
30027 204911997 705;
30732 204912703 321;
31053 204924321 703;
31756 204925025 323;
32079 204935618 689;
21:
0 204003328 12;
12 204003341 491;
503 204005886 512;
1015 204018722 21;
1036 204018745 1001;
2037 204066820 23;
2060 204066844 1003;
3063 204079618 6;
3069 204092465 15;
3084 204092481 1011;
4095 204132504 13;
4108 204132518 1013;
5121 204157152 11;
5132 204157164 1015;
6147 204193097 9;
6156 204193107 1017;
7173 204224934 7;
7180 204224942 1019;
8199 204258825 5;
8204 204258831 1021;
9225 204289635 3;
9228 204289639 1023;
10251 204318391 1;
10252 204318393 1024;
11276 204349201 1024;
12300 204350226 2;
12302 204383092 1022;
13324 204384115 4;
13328 204428280 1020;
14348 204429301 6;
14354 204468333 1018;
15372 204469352 8;
15380 204499143 1016;
16396 204500160 10;
16406 204540223 1014;
17420 204541238 12;
17432 204563844 1012;
18444 204564857 14;
18458 204583357 1010;
19468 204584368 16;
19484 204603906 6;
19490 204632653 1002;
20492 204633656 24;
20516 204636674 6;
20522 204675787 994;
21516 204676782 32;
21548 204712759 992;
22540 204713752 34;
22574 204742542 990;
23564 204743533 36;
23600 204761028 988;
24588 204762017 38;
24626 204788757 986;
25612 204789744 40;
25652 204810324 984;
26636 204811309 42;
26678 204844215 982;
27660 204845198 44;
27704 204869890 980;
28684 204870871 46;
28730 204901727 978;
29708 204902706 48;
29756 204914051 976;
30732 204915028 50;
30782 204921240 974;
31756 204922215 52;
31808 204932537 960;
61:
0 204034052 12;
12 204034065 1003;
1015 204037122 21;
1036 204037145 1001;
2037 204040200 23;
2060 204040224 1003;
3063 204051497 21;
3084 204051519 1005;
4089 204067847 19;
4108 204067867 1007;
5115 204114021 17;
5132 204114039 1009;
6141 204146882 15;
6156 204146898 1011;
7167 204185908 13;
7180 204185922 1013;
8193 204205421 11;
8204 204205433 1015;
9219 204236231 9;
9228 204236241 1017;
10245 204267041 7;
10252 204267049 1019;
11271 204309148 5;
11276 204309154 1021;
12297 204332769 3;
12300 204332773 1023;
13323 204354336 1;
13324 204354338 1024;
14348 204382065 1024;
15372 204383090 2;
15374 204406713 71;
15445 204407304 436;
15881 204423145 515;
16396 204423661 511;
16907 204457036 513;
17420 204457550 513;
17933 204478603 511;
18444 204479115 515;
18959 204509413 509;
19468 204509923 517;
19985 204547412 507;
20492 204547920 176;
20668 204548128 311;
20979 204560385 7;
20986 204581303 530;
21516 204581834 496;
22012 204623410 528;
22540 204623939 498;
23038 204652166 526;
23564 204652693 500;
24064 204681949 524;
24588 204682474 502;
25090 204714813 522;
25612 204715336 504;
26116 204745623 520;
26636 204746144 506;
27142 204770271 518;
27660 204770790 508;
28168 204801081 516;
28684 204801598 510;
29194 204821621 514;
29708 204822136 512;
30220 204843188 512;
30732 204843701 514;
31246 204876052 510;
31756 204876563 516;
32272 204889403 496;
62:
0 204098627 12;
12 204098640 43;
55 204101764 192;
247 204104010 256;
503 204113509 512;
1015 204128399 21;
1036 204128422 1001;
2037 204154071 23;
2060 204154095 1003;
3063 204184881 21;
3084 204184903 1005;
4089 204211583 19;
4108 204211603 1007;
5115 204248555 17;
5132 204248573 1009;
6141 204275257 15;
6156 204275273 439;
6595 204276232 52;
6647 204291689 533;
7180 204292223 493;
7673 204327634 531;
8204 204328166 495;
8699 204373849 167;
8866 204374536 340;
9206 204390281 22;
9228 204390304 1004;
10232 204429307 20;
10252 204429328 1006;
11258 204458063 18;
11276 204458082 1008;
12284 204470303 1;
12285 204503251 15;
12300 204503267 1011;
13311 204519683 13;
13324 204519697 1013;
14337 204571144 11;
14348 204571156 904;
15252 204592600 120;
15372 204592721 906;
16278 204624437 118;
16396 204624556 908;
17304 204649085 116;
17420 204649202 910;
18330 204674760 114;
18444 204674875 912;
19356 204698381 112;
19468 204698494 914;
20382 204741515 110;
20492 204741626 916;
21408 204783622 108;
21516 204783731 918;
22434 204839080 106;
22540 204839187 920;
23460 204864755 104;
23564 204864860 676;
24240 204880160 348;
24588 204880509 678;
25266 204900700 346;
25612 204901047 680;
26292 204913024 344;
26636 204913369 682;
27318 204925348 342;
27660 204925691 684;
28344 204929456 340;
28684 204929797 686;
29370 204936645 338;
29708 204936984 688;
30396 204940753 336;
30732 204941090 1024;
31756 204942115 692;
32448 204943834 320;
53:
0 204060672 12;
12 204060685 1024;
1036 204061711 1024;
2060 204062736 1003;
3063 204076033 21;
3084 204076055 1005;
4089 204111455 19;
4108 204111475 397;
4505 204112392 90;
4595 204124291 537;
5132 204124829 489;
5621 204156125 535;
6156 204156661 491;
6647 204190016 533;
7180 204190550 493;
7673 204225961 531;
8204 204226493 495;
8699 204254717 529;
9228 204255247 497;
9725 204284500 527;
10252 204285028 499;
10751 204336877 525;
11276 204337403 501;
11777 204363579 523;
12300 204364103 503;
12803 204395416 521;
13324 204395938 505;
13829 204436496 519;
14348 204437016 507;
14855 204476549 517;
15372 204477067 509;
15881 204511467 515;
16396 204511983 511;
16907 204560763 513;
17420 204561277 513;
17933 204599789 511;
18444 204600301 515;
18959 204629572 509;
19468 204630082 517;
19985 204661409 507;
20492 204661917 519;
21011 204703516 505;
21516 204704022 521;
22037 204730218 503;
22540 204730722 523;
23063 204765136 501;
23564 204765638 525;
24089 204787730 499;
24588 204788230 527;
25115 204824702 497;
25612 204825200 529;
26141 204855512 495;
26636 204856008 531;
27167 204886322 493;
27660 204886816 533;
28193 204897619 491;
28684 204898111 193;
28877 204904808 831;
29708 204905640 195;
29903 204915078 829;
30732 204915908 197;
30929 204922267 827;
31756 204923095 199;
31955 204933564 813;
54:
0 204070912 12;
12 204070925 1024;
1036 204071951 1024;
2060 204072976 1003;
3063 204097600 21;
3084 204097622 1005;
4089 204140720 19;
4108 204140740 1007;
5115 204173584 17;
5132 204173602 1009;
6141 204214664 15;
6156 204214680 1011;
7167 204247528 13;
7180 204247542 1013;
8193 204298878 11;
8204 204298890 1015;
9219 204338931 9;
9228 204338941 1017;
10245 204368714 7;
10252 204368722 1019;
11271 204374530 5;
11276 204405686 1024;
12300 204406711 2;
12302 204440604 1022;
13324 204441627 4;
13328 204472840 628;
13956 204484765 392;
14348 204485158 634;
14982 204513521 390;
15372 204513912 636;
16008 204545358 388;
16396 204545747 638;
17034 204589519 386;
17420 204589906 640;
18060 204625464 384;
18444 204625849 642;
19086 204651139 382;
19468 204651522 644;
20112 204679895 380;
20492 204680276 646;
21138 204709678 378;
21516 204710057 648;
22164 204736380 376;
22540 204736757 650;
23190 204767190 42;
23232 204767752 332;
23564 204768085 132;
23696 204782595 892;
24588 204783488 134;
24722 204811351 890;
25612 204812242 136;
25748 204845242 888;
26636 204846131 138;
26774 204871944 886;
27660 204872831 140;
27800 204887349 884;
28684 204888234 142;
28826 204926375 882;
29708 204927258 144;
29852 204931592 880;
30732 204932473 64;
30796 204939726 960;
31756 204940687 66;
31822 204942807 946;
