42:
0 194175186 12;
12 194175199 43;
55 194176386 64;
119 194176506 128;
247 194176698 256;
503 194177082 512;
1015 194183938 21;
1036 194183961 1001;
2037 194206732 23;
2060 194206756 1003;
3063 194223918 21;
3084 194223940 1005;
4089 194235212 19;
4108 194235232 1007;
5115 194252671 17;
5132 194252689 1009;
6141 194262941 15;
6156 194262957 1011;
7167 194277319 13;
7180 194277333 1013;
8193 194286562 11;
8204 194286574 1015;
9219 194304021 9;
9228 194304031 1017;
10245 194320453 7;
10252 194320461 1019;
11271 194333804 5;
11276 194333810 1021;
12297 194351263 3;
12300 194351267 1023;
13323 194369749 1;
13324 194369751 1024;
14348 194395424 1024;
15372 194396449 2;
15374 194413064 846;
16220 194434450 176;
16396 194434627 850;
17246 194453963 174;
17420 194454138 852;
18272 194475530 172;
18444 194475703 854;
19298 194479638 170;
19468 194479809 856;
20324 194499151 168;
20492 194499320 858;
21350 194517637 166;
21516 194517804 860;
22376 194527907 164;
22540 194528072 862;
23402 194542285 162;
23564 194542448 864;
24428 194561798 160;
24588 194561959 866;
25454 194581311 158;
25612 194581470 868;
26480 194592608 156;
26636 194592765 870;
27506 194606986 154;
27660 194607141 872;
28532 194626499 152;
28684 194626652 874;
29558 194638823 150;
29708 194638974 876;
30584 194662444 148;
30732 194662593 878;
31610 194675208 146;
31756 194675355 440;
32196 194686065 572;
43:
0 194175242 12;
12 194175255 43;
55 194176322 64;
119 194180778 128;
247 194182442 256;
503 194189058 512;
1015 194198274 21;
1036 194198297 1001;
2037 194210829 23;
2060 194210853 1003;
3063 194224945 21;
3084 194224967 1005;
4089 194239320 19;
4108 194239340 1007;
5115 194253698 17;
5132 194253716 1009;
6141 194267049 15;
6156 194267065 1011;
7167 194281427 13;
7180 194281441 31;
7211 194281992 462;
7673 194289643 531;
8204 194290175 495;
8699 194314760 529;
9228 194315290 28;
9256 194326615 996;
10252 194327612 30;
10282 194334831 994;
11276 194335826 32;
11308 194352290 992;
12300 194353283 34;
12334 194366668 990;
13324 194367659 36;
13360 194383100 988;
14348 194384089 38;
14386 194399532 986;
15372 194400519 40;
15412 194405694 984;
16396 194406679 42;
16438 194425207 982;
17420 194426190 44;
17464 194443693 980;
18444 194444674 46;
18490 194461152 978;
19468 194462131 48;
19516 194482719 976;
20492 194483696 50;
20542 194502232 974;
21516 194503207 52;
21568 194513529 972;
22540 194514502 54;
22594 194530988 970;
23564 194531959 56;
23620 194544339 968;
24588 194545308 58;
24646 194568987 966;
25612 194569954 60;
25672 194584392 964;
26636 194585357 62;
26698 194599797 962;
27660 194600760 64;
27724 194619310 960;
28684 194620271 66;
28750 194629580 958;
29708 194630539 68;
29776 194646012 956;
30732 194646969 70;
30802 194666552 954;
31756 194667507 72;
31828 194677849 940;
35:
0 193626632 12;
12 193626645 321;
333 193626971 703;
1036 193627676 1024;
2060 193628701 1024;
3084 193629726 482;
3566 194243428 542;
4108 194243971 484;
4592 194259860 540;
5132 194260401 486;
5618 194271157 538;
6156 194271696 488;
6644 194292724 536;
7180 194293261 490;
7670 194310183 534;
8204 194310718 492;
8696 194330723 532;
9228 194331256 494;
9722 194345101 530;
10252 194345632 496;
10748 194362560 528;
11276 194363089 498;
11774 194374884 526;
12300 194375411 500;
12800 194385154 524;
13324 194385679 502;
13826 194407748 522;
14348 194408271 504;
14852 194416991 520;
15372 194417512 506;
15878 194431369 518;
16396 194431888 508;
16904 194452936 516;
17420 194453453 510;
17930 194465260 514;
18444 194465775 512;
18956 194487854 512;
19468 194488367 514;
19982 194500178 510;
20492 194500689 516;
21008 194519691 508;
21516 194520200 518;
22034 194529961 506;
22540 194530468 520;
23060 194556663 504;
23564 194557168 522;
24086 194578230 502;
24588 194578733 524;
25112 194597743 500;
25612 194598244 526;
26138 194608013 498;
26636 194608512 528;
27164 194621364 496;
27660 194621861 530;
28190 194634715 494;
28684 194635210 532;
29216 194648066 492;
29708 194648559 534;
30242 194657309 490;
30732 194657800 536;
31268 194679903 488;
31756 194680392 538;
32294 194691200 474;
34:
0 194174554 12;
12 194174567 43;
55 194174994 64;
119 194175682 128;
247 194180138 256;
503 194189570 512;
1015 194195202 21;
1036 194195225 1001;
2037 194230077 23;
2060 194230101 1003;
3063 194249590 21;
3084 194249612 1005;
4089 194269103 19;
4108 194269123 1007;
5115 194288616 17;
5132 194288634 1009;
6141 194299913 15;
6156 194299929 1011;
7167 194323534 13;
7180 194323548 1013;
8193 194348182 11;
8204 194348194 1015;
9219 194361533 9;
9228 194361543 1017;
10245 194377965 7;
10252 194377973 1019;
11271 194386181 5;
11276 194386187 1021;
12297 194406721 3;
12300 194406725 1023;
13323 194413058 1;
13324 194413060 4;
13328 194436504 1020;
14348 194437525 6;
14354 194448828 1018;
15372 194449847 8;
15380 194457044 1016;
16396 194458061 10;
16406 194473476 1014;
17420 194474491 12;
17432 194483746 1012;
18444 194484759 14;
18458 194494016 1010;
19468 194495027 16;
19484 194507367 1008;
20492 194508376 18;
20510 194522772 1006;
21516 194523779 20;
21536 194532015 1004;
22540 194533020 22;
22562 194546393 1002;
23564 194547396 24;
23588 194573095 1000;
24588 194574096 26;
24614 194585419 998;
25612 194586418 28;
25640 194602878 996;
26636 194603875 30;
26666 194615202 994;
27660 194616197 32;
27692 194631634 992;
28684 194632627 34;
28718 194649093 990;
29708 194650084 36;
29744 194659363 988;
30732 194660352 38;
30770 194680930 986;
31756 194681917 40;
31796 194698389 972;
27:
0 194174186 8;
8 194174202 4;
12 194174207 11;
23 194174234 32;
55 194174930 64;
119 194175298 128;
247 194183682 256;
503 194192130 512;
1015 194196226 21;
1036 194196249 1001;
2037 194205457 23;
2060 194205481 1003;
3063 194229050 21;
3084 194229072 1005;
4089 194245482 19;
4108 194245502 1007;
5115 194249218 6;
5121 194272184 11;
5132 194272196 1015;
6147 194282454 9;
6156 194282464 1017;
7173 194298886 7;
7180 194298894 1019;
8199 194309156 5;
8204 194309162 1021;
9225 194325588 3;
9228 194325592 1023;
10251 194340993 1;
10252 194340995 1024;
11276 194364614 1024;
12300 194365639 2;
12302 194381046 1022;
13324 194382069 4;
13328 194398505 1020;
14348 194399526 6;
14354 194409802 1018;
15372 194410821 8;
15380 194422126 1016;
16396 194423143 10;
16406 194437531 1014;
17420 194438546 12;
17432 194445832 942;
18374 194464233 70;
18444 194464304 956;
19400 194470395 68;
19468 194470464 958;
20426 194484773 66;
20492 194484840 960;
21452 194497097 64;
21516 194497162 962;
22478 194511475 62;
22540 194511538 964;
23504 194523799 60;
23564 194523860 966;
24530 194549474 58;
24588 194549533 968;
25556 194564879 56;
25612 194564936 970;
26582 194579257 54;
26636 194579312 972;
27608 194595689 52;
27660 194595742 974;
28634 194604932 50;
28684 194604983 976;
29660 194632661 48;
29708 194632710 978;
30686 194643958 46;
30732 194644005 980;
31712 194663471 44;
31756 194663516 982;
32738 194676822 30;
26:
0 194174194 8;
8 194174218 4;
12 194174223 11;
23 194174266 32;
55 194174610 64;
119 194175058 128;
247 194182954 214;
461 194194690 512;
973 194203406 63;
1036 194203471 959;
1995 194219810 65;
2060 194219876 961;
3021 194228023 63;
3084 194228087 963;
4047 194236239 61;
4108 194236301 965;
5073 194248563 59;
5132 194248623 81;
5213 194249224 366;
5579 194255752 577;
6156 194256330 449;
6605 194275265 575;
7180 194275841 451;
7631 194296832 573;
8204 194297406 453;
8657 194313264 571;
9228 194313836 404;
9632 194335858 620;
10252 194336479 406;
10658 194350236 618;
11276 194350855 408;
11684 194368722 616;
12300 194369339 410;
12710 194387208 614;
13324 194387823 412;
13736 194411856 612;
14348 194412469 75;
14423 194418018 949;
15372 194418968 77;
15449 194428288 947;
16396 194429236 79;
16475 194444720 592;
17067 194458071 353;
17420 194458425 673;
18093 194476557 351;
18444 194476909 675;
19119 194503259 349;
19468 194503609 677;
20145 194510448 347;
20492 194510796 52;
20544 194511368 107;
20651 194524826 865;
21516 194525692 161;
21677 194540231 863;
22540 194541095 163;
22703 194558717 861;
23564 194559579 165;
23729 194574122 859;
24588 194574982 167;
24755 194582338 857;
25612 194583196 169;
25781 194603905 855;
26636 194604761 171;
26807 194623418 853;
27660 194624272 173;
27833 194636769 851;
28684 194637621 175;
28859 194651147 849;
29708 194651997 177;
29885 194667579 847;
30732 194668427 179;
30911 194682984 845;
31756 194683830 181;
31937 194696335 831;
18:
0 194173682 12;
12 194173695 43;
55 194174122 64;
119 194174802 128;
247 194178090 256;
503 194179626 512;
1015 194185474 21;
1036 194185497 1001;
2037 194202379 23;
2060 194202403 1003;
3063 194215705 21;
3084 194215727 209;
3293 194216456 276;
3569 194221864 539;
4108 194222404 487;
4595 194241374 537;
5132 194241912 489;
5621 194251644 535;
6156 194252180 491;
6647 194268076 533;
7180 194268610 493;
7673 194293751 531;
8204 194294283 495;
8699 194297859 529;
9228 194298389 497;
9725 194311210 527;
10252 194311738 499;
10751 194314754 6;
10757 194328669 519;
11276 194329189 507;
11783 194347528 517;
12300 194348046 136;
12436 194355371 888;
13324 194356260 138;
13462 194378992 784;
14246 194397478 102;
14348 194397581 924;
15272 194415964 100;
15372 194416065 926;
16298 194438558 98;
16396 194438657 928;
17324 194449855 96;
17420 194449952 930;
18350 194466287 94;
18444 194466382 932;
19376 194488881 92;
19468 194488974 934;
20402 194501205 90;
20492 194501296 936;
21428 194518664 88;
21516 194518753 938;
22454 194525853 86;
22540 194525940 940;
23480 194539204 84;
23564 194539289 942;
24506 194554609 82;
24588 194554692 944;
25532 194562825 80;
25612 194562906 946;
26558 194577203 78;
26636 194577282 948;
27584 194593635 76;
27660 194593712 950;
28610 194617256 74;
28684 194617331 952;
29636 194628553 72;
29708 194628626 954;
30662 194642931 70;
30732 194643002 956;
31688 194660390 68;
31756 194660459 958;
32714 194678876 54;
10:
0 194173570 12;
12 194173583 43;
55 194173994 64;
119 194180394 128;
247 194182698 256;
503 194184962 512;
1015 194192642 21;
1036 194192665 1001;
2037 194200325 23;
2060 194200349 1003;
3063 194218783 21;
3084 194218805 1005;
4089 194232131 19;
4108 194232151 1007;
5115 194257806 17;
5132 194257824 1009;
6141 194276292 15;
6156 194276308 1011;
7167 194301967 13;
7180 194301981 1013;
8193 194318399 11;
8204 194318411 1015;
9219 194327642 9;
9228 194327652 1017;
10245 194343047 7;
10252 194343055 1019;
11271 194363587 5;
11276 194363593 1021;
12297 194373857 3;
12300 194373861 1023;
13323 194392343 1;
13324 194392345 1024;
14348 194408775 1024;
15372 194409800 2;
15374 194427261 1022;
16396 194428284 4;
16400 194439585 1020;
17420 194440606 6;
17426 194460125 1018;
18444 194461144 8;
18452 194474503 1016;
19468 194475520 10;
19478 194489908 1014;
20492 194490923 12;
20504 194498124 1012;
21516 194499137 14;
21530 194512502 1010;
22540 194513513 16;
22556 194537150 1008;
23564 194538159 18;
23582 194547420 1006;
24588 194548427 20;
24608 194563852 1004;
25612 194564857 22;
25634 194576898 6;
25640 194594662 996;
26636 194595659 30;
26666 194613148 994;
27660 194614143 32;
27692 194622391 992;
28684 194623384 34;
28718 194641904 16;
28734 194642440 491;
29225 194653201 483;
29708 194653685 543;
30251 194670660 481;
30732 194671142 545;
31277 194692227 479;
31756 194692707 547;
32303 194702497 465;
19:
0 194173626 12;
12 194173639 43;
55 194174058 64;
119 194174674 128;
247 194175426 256;
503 194179114 512;
1015 194190082 21;
1036 194190105 1001;
2037 194201352 23;
2060 194201376 1003;
3063 194212624 21;
3084 194212646 1005;
4089 194234185 19;
4108 194234205 1007;
5115 194256779 17;
5132 194256797 1009;
6141 194274238 15;
6156 194274254 1011;
7167 194291697 13;
7180 194291711 1013;
8193 194306075 11;
8204 194306087 1015;
9219 194319426 9;
9228 194319436 1017;
10245 194339966 7;
10252 194339974 1019;
11271 194347522 5;
11276 194356398 1024;
12300 194357423 2;
12302 194375911 1022;
13324 194376934 4;
13328 194394397 1020;
14348 194395418 6;
14354 194402613 1018;
15372 194403632 8;
15380 194420072 1016;
16396 194421089 10;
16406 194429315 1014;
17420 194430330 12;
17432 194447801 1012;
18444 194448814 14;
18458 194469368 1010;
19468 194470379 16;
19484 194485800 1008;
20492 194486809 18;
20510 194505313 1006;
21516 194506320 20;
21536 194534069 1004;
22540 194535074 22;
22562 194543312 304;
22866 194544136 203;
23069 194552555 495;
23564 194553051 531;
24095 194572068 493;
24588 194572562 533;
25121 194583365 491;
25612 194583857 535;
26147 194598770 489;
26636 194599260 537;
27173 194611094 487;
27660 194611582 539;
28199 194625472 485;
28684 194625958 541;
29225 194639850 483;
29708 194640334 543;
30251 194656282 481;
30732 194656764 545;
31277 194673741 479;
31756 194674221 467;
32223 194699416 545;
3:
0 193987074 6;
6 194173338 6;
12 194173345 9;
21 194173402 32;
53 194173506 64;
117 194173866 128;
245 194180522 256;
501 194186498 512;
1013 194193666 23;
1036 194193691 999;
2035 194204430 25;
2060 194204456 1001;
3061 194214678 23;
3084 194214702 1003;
4087 194222891 21;
4108 194222913 1005;
5113 194244455 19;
5132 194244475 1007;
6139 194264995 17;
6156 194265013 1009;
7165 194285535 15;
7180 194285551 1011;
8191 194307102 13;
8204 194307116 1013;
9217 194316345 11;
9228 194316357 1015;
10243 194331750 9;
10252 194331760 1017;
11269 194342020 7;
11276 194342028 1019;
12295 194360506 5;
12300 194360512 1021;
13321 194376938 3;
13324 194376942 1023;
14347 194390289 1;
14348 194390291 1024;
15372 194413910 1024;
16396 194414935 2;
16398 194423153 1022;
17420 194424176 4;
17424 194451909 1020;
18444 194452930 6;
18450 194471422 1018;
19468 194472441 8;
19476 194496070 1016;
20492 194497087 10;
20502 194520718 1014;
21516 194521733 12;
21528 194536123 1012;
22540 194537136 14;
22554 194545366 1010;
23564 194546377 16;
23580 194565906 1008;
24588 194566915 18;
24606 194587473 1006;
25612 194588480 20;
25632 194600824 1004;
26636 194601829 22;
26658 194627526 1002;
27660 194628529 24;
27684 194647039 1000;
28684 194648040 26;
28710 194658336 998;
29708 194659335 28;
29736 194675795 996;
30732 194676792 30;
30762 194689146 994;
31756 194690141 32;
31788 194700443 980;
2:
0 194150914 6;
6 194173354 6;
12 194173361 41;
53 194173442 64;
117 194173738 128;
245 194174298 256;
501 194175810 512;
1013 194188034 23;
1036 194188059 999;
2035 194199298 25;
2060 194199324 1001;
3061 194217756 23;
3084 194217780 1003;
4087 194231104 21;
4108 194231126 1005;
5113 194254725 19;
5132 194254745 1007;
6139 194273211 17;
6156 194273229 1009;
7165 194295805 15;
7180 194295821 1011;
8191 194305048 13;
8204 194305062 1013;
9217 194321480 11;
9228 194321492 1015;
10243 194336885 9;
10252 194336895 1017;
11269 194354344 7;
11276 194354352 1019;
12295 194372830 5;
12300 194372836 1021;
13321 194384127 3;
13324 194384131 1023;
14347 194400559 1;
14348 194400561 1024;
15372 194426234 1024;
16396 194427259 2;
16398 194440612 1022;
17420 194441635 4;
17424 194454990 1020;
18444 194456011 6;
18450 194467314 1018;
19468 194468333 8;
19476 194477584 496;
19972 194478600 11;
19983 194486827 509;
20492 194487337 517;
21009 194508394 507;
21516 194508902 519;
22035 194511362 6;
22041 194528934 499;
22540 194529434 527;
23067 194550501 497;
23564 194550999 529;
24093 194566933 495;
24588 194567429 531;
25119 194575149 493;
25612 194575643 533;
26145 194591581 491;
26636 194592073 535;
27171 194610067 489;
27660 194610557 537;
28197 194644985 487;
28684 194645473 539;
29223 194655255 485;
29708 194655741 541;
30249 194672714 483;
30732 194673198 543;
31275 194688119 481;
31756 194688601 545;
32301 194695308 467;
49:
0 193630208 12;
12 193630221 1024;
1036 193631247 1009;
2045 193980262 15;
2060 193980278 1011;
3071 193990532 13;
3084 193990546 1013;
4097 193996694 11;
4108 193996706 1015;
5123 194002856 9;
5132 194002866 1017;
6149 194009018 7;
6156 194009026 1019;
7175 194017234 5;
7180 194017240 1021;
8201 194019842 3;
8204 194019846 2;
8206 194026477 1022;
9228 194027500 4;
9232 194029558 1020;
10252 194030579 6;
10258 194038801 1018;
11276 194039820 8;
11284 194044963 1016;
12300 194045980 10;
12310 194050098 1014;
13324 194051113 12;
13336 194052610 6;
13342 194061395 1006;
14348 194062402 20;
14368 194068584 1004;
15372 194069589 22;
15394 194072692 1002;
16396 194073695 24;
16420 194082962 1000;
17420 194083963 26;
17446 194085378 6;
17452 194099394 992;
18444 194100387 34;
18478 194102475 990;
19468 194103466 36;
19504 194110691 988;
20492 194111680 38;
20530 194118152 755;
21285 194120961 231;
21516 194121193 795;
22311 194127123 229;
22540 194127353 797;
23337 194130204 227;
23564 194130432 799;
24363 194135339 225;
24588 194135565 801;
25389 194146636 223;
25612 194146860 803;
26415 194151771 221;
26636 194151993 805;
27441 194154852 219;
27660 194155072 807;
28467 194157933 217;
28684 194158151 809;
29493 194161014 215;
29708 194161230 811;
30519 194163068 213;
30732 194163282 813;
31545 194169230 211;
31756 194169442 815;
32571 194171284 197;
9:
0 193958709 12;
12 193958722 43;
55 193959792 64;
119 193961910 384;
503 193969483 512;
1015 193971022 21;
1036 193971045 1001;
2037 193974100 23;
2060 193974124 1003;
3063 193978208 21;
3084 193978230 1005;
4089 193985397 19;
4108 193985417 1007;
5115 193989505 17;
5132 193989523 1009;
6141 193995667 15;
6156 193995683 1011;
7167 194000802 13;
7180 194000816 1013;
8193 194007991 11;
8204 194008003 1015;
9219 194019288 9;
9228 194019298 30;
9258 194019848 467;
9725 194022369 527;
10252 194022897 499;
10751 194028531 525;
11276 194029057 501;
11777 194037774 523;
12300 194038298 503;
12803 194042909 521;
13324 194043431 505;
13829 194051125 519;
14348 194051645 451;
14799 194056260 573;
15372 194056834 453;
15825 194067557 571;
16396 194068129 455;
16851 194076800 569;
17420 194077370 457;
17877 194087070 567;
18444 194087638 459;
18903 194095286 565;
19468 194095852 461;
19929 194103502 563;
20492 194104066 463;
20955 194108637 561;
21516 194109199 465;
21981 194113772 559;
22540 194114332 467;
23007 194128150 557;
23564 194128708 469;
24033 194136366 555;
24588 194136922 471;
25059 194144582 553;
25612 194145136 473;
26085 194149717 551;
26636 194150269 131;
26767 194152798 893;
27660 194153692 133;
27793 194156906 891;
28684 194157798 135;
28819 194158960 889;
29708 194159850 137;
29845 194164095 887;
30732 194164983 1024;
31756 194166008 141;
31897 194167176 871;
25:
0 193945509 12;
12 193945522 43;
55 193946592 64;
119 193946784 128;
247 193947168 256;
503 193956146 533;
1036 193956681 1001;
2037 193963321 23;
2060 193963345 1003;
3063 193973073 21;
3084 193973095 1005;
4089 193984370 19;
4108 193984390 1007;
5115 193988478 17;
5132 193988496 1009;
6141 193999775 15;
6156 193999791 1011;
7167 194006964 13;
7180 194006978 1013;
8193 194012099 11;
8204 194012111 1015;
9219 194015180 9;
9228 194015190 1017;
10245 194032639 7;
10252 194032647 1019;
11271 194039828 5;
11276 194039834 1021;
12297 194055233 3;
12300 194055237 1023;
13323 194060368 1;
13324 194060370 1024;
14348 194070638 1024;
15372 194071663 2;
15374 194075773 1022;
16396 194076796 4;
16400 194079881 1020;
17420 194080902 6;
17426 194089124 1018;
18444 194090143 8;
18452 194094259 1016;
19468 194095276 10;
19478 194106583 1014;
20492 194107598 12;
20504 194115826 1012;
21516 194116839 14;
21530 194123015 1010;
22540 194124026 16;
22556 194133285 1008;
23564 194134294 18;
23582 194143555 1006;
24588 194144562 20;
24608 194150920 851;
25459 194153825 153;
25612 194153979 873;
26485 194155879 151;
26636 194156031 875;
27511 194159987 149;
27660 194160137 877;
28537 194162041 147;
28684 194162189 879;
29563 194166149 145;
29708 194166295 881;
30589 194168203 143;
30732 194168347 883;
31615 194170257 141;
31756 194170399 885;
32641 194172311 127;
41:
0 193945389 12;
12 193945402 107;
119 193946656 128;
247 193946912 256;
503 193948448 512;
1015 193951014 21;
1036 193951037 1001;
2037 193957682 23;
2060 193957706 1003;
3063 193964348 21;
3084 193964370 1005;
4089 193968456 19;
4108 193968476 1007;
5115 193976154 17;
5132 193976172 1009;
6141 193983343 15;
6156 193983359 1011;
7167 193991559 13;
7180 193991573 1013;
8193 193994640 11;
8204 193994652 1015;
9219 194001829 9;
9228 194001839 1017;
10245 194013126 7;
10252 194013134 1019;
11271 194021342 5;
11276 194021348 1021;
12297 194025450 3;
12300 194025454 1023;
13323 194030585 1;
13324 194030587 1024;
14348 194035720 1024;
15372 194036745 2;
15374 194049071 1022;
16396 194050094 4;
16400 194054206 1020;
17420 194055227 6;
17426 194059341 1018;
18444 194060360 8;
18452 194066530 1016;
19468 194067547 10;
19478 194073719 1014;
20492 194074734 12;
20504 194081935 1012;
21516 194082948 14;
21530 194088097 1010;
22540 194089108 16;
22556 194091178 1008;
23564 194092187 18;
23582 194097340 1006;
24588 194098347 20;
24608 194105556 1004;
25612 194106561 22;
25634 194111718 1002;
26636 194112721 24;
26660 194116853 779;
27439 194119934 221;
27660 194120156 805;
28465 194125069 219;
28684 194125289 807;
29491 194129177 217;
29708 194129395 809;
30517 194137393 215;
30732 194137609 811;
31543 194139447 213;
31756 194139661 813;
32569 194145609 199;
17:
0 193921538 6;
6 193940273 6;
12 193940280 41;
53 193941348 64;
117 193942439 384;
501 193943850 512;
1013 193947424 23;
1036 193947449 999;
2035 193953065 25;
2060 193953091 701;
2761 193959856 323;
3084 193960180 703;
3787 193962294 321;
4108 193962616 705;
4813 193967429 319;
5132 193967749 707;
5839 193972046 317;
6156 193972364 709;
6865 193975127 315;
7180 193975443 711;
7891 193986424 136;
8027 193987096 177;
8204 193987274 1024;
9228 193988299 179;
9407 193998748 845;
10252 193999594 181;
10433 194005937 843;
11276 194006781 183;
11459 194010045 841;
12300 194010887 185;
12485 194018261 839;
13324 194019101 187;
13511 194027504 837;
14348 194028342 189;
14537 194034693 835;
15372 194035529 191;
15563 194041882 833;
16396 194042716 193;
16589 194045990 831;
17420 194046822 195;
17615 194052616 563;
18178 194058314 266;
18444 194058581 760;
19204 194062422 264;
19468 194062687 762;
20230 194065503 262;
20492 194065766 764;
21256 194074746 260;
21516 194075007 766;
22282 194080908 258;
22540 194081167 768;
23308 194086043 256;
23564 194086300 770;
24334 194092205 254;
24588 194092460 772;
25360 194098367 252;
25612 194098620 774;
26386 194104529 250;
26636 194104780 776;
27412 194109664 248;
27660 194109913 778;
28438 194118907 246;
28684 194119154 780;
29464 194124042 244;
29708 194124287 782;
30490 194131231 242;
30732 194131474 784;
31516 194138420 240;
31756 194138661 786;
32542 194140474 226;
57:
0 193757698 6;
6 193790466 6;
12 193918729 239;
251 193919995 768;
1019 193927952 17;
1036 193927971 1005;
2041 193939246 19;
2060 193939266 1007;
3067 193944362 17;
3084 193944380 1009;
4093 193949987 15;
4108 193950003 1011;
5119 193954312 13;
5132 193954326 793;
5925 193958765 231;
6156 193958997 795;
6951 193966402 229;
7180 193966632 797;
7977 193979235 227;
8204 193979463 799;
9003 193982316 225;
9228 193982542 801;
10029 193993613 223;
10252 193993837 803;
11055 193997721 221;
11276 193997943 805;
12081 194004910 219;
12300 194005130 807;
13107 194011072 217;
13324 194011290 809;
14133 194014153 215;
14348 194014369 811;
15159 194020315 213;
15372 194020529 813;
16185 194024423 211;
16396 194024635 815;
17211 194031612 209;
17420 194031822 817;
18237 194036747 207;
18444 194036955 819;
19263 194047017 205;
19468 194047223 821;
20289 194057287 203;
20492 194057491 823;
21315 194063449 201;
21516 194063651 825;
22341 194071665 199;
22540 194071865 827;
23367 194078854 197;
23564 194079052 829;
24393 194085384 195;
24588 194085580 463;
25051 194093232 561;
25612 194093794 465;
26077 194100421 559;
26636 194100981 467;
27103 194107610 557;
27660 194108168 469;
28129 194118146 6;
28135 194121988 549;
28684 194122538 477;
29161 194132258 547;
29708 194132806 479;
30187 194142528 545;
30732 194143074 481;
31213 194147663 543;
31756 194148207 1012;
33:
0 193634296 8;
8 193724930 4;
12 193724935 1;
13 193913615 240;
253 193914882 256;
509 193916165 512;
1021 193917704 15;
1036 193917721 1007;
2043 193922817 17;
2060 193922835 1009;
3069 193932057 15;
3084 193932073 1011;
4095 193936165 13;
4108 193936179 1013;
5121 193941412 11;
5132 193941424 1015;
6147 193952038 9;
6156 193952048 1017;
7173 193960883 7;
7180 193960891 975;
8155 193961882 28;
8183 193965375 21;
8204 193965397 1005;
9209 193969995 19;
9228 193970015 1007;
10235 193977181 17;
10252 193977199 1009;
11261 193981289 15;
11276 193981305 1011;
12287 193992586 13;
12300 193992600 1013;
13313 194003883 11;
13324 194003895 1015;
14339 194016207 9;
14348 194016217 1017;
15365 194023396 7;
15372 194023404 1019;
16391 194033666 5;
16396 194033672 1021;
17417 194040855 3;
17420 194040859 1023;
18443 194043936 1;
18444 194043938 1024;
19468 194048044 1024;
20492 194049069 2;
20494 194053179 1022;
21516 194054202 4;
21520 194064476 1020;
22540 194065497 6;
22546 194069611 1018;
23564 194070630 8;
23572 194077827 1016;
24588 194078844 10;
24598 194083989 875;
25473 194090151 139;
25612 194090291 887;
26499 194096313 137;
26636 194096451 889;
27525 194101448 135;
27660 194101584 891;
28551 194112745 133;
28684 194112879 893;
29577 194114799 131;
29708 194114931 895;
30603 194126096 129;
30732 194126226 897;
31629 194134312 127;
31756 194134440 899;
32655 194141501 113;
56:
0 193674871 12;
12 193674884 43;
55 193675951 192;
247 193676655 256;
503 193677935 512;
1015 193679986 21;
1036 193680009 1001;
2037 193687675 23;
2060 193687699 1003;
3063 193692810 21;
3084 193692832 1005;
4089 193697945 19;
4108 193697965 1007;
5115 193707188 17;
5132 193707206 1009;
6141 193712323 15;
6156 193712339 1011;
7167 193720539 13;
7180 193720553 1013;
8193 193724936 11;
8204 193724948 726;
8930 193734917 298;
9228 193735216 728;
9956 193736971 296;
10252 193737268 730;
10982 193749295 294;
11276 193749590 732;
12008 193752376 292;
12300 193752669 734;
13034 193762646 290;
13324 193762937 736;
14060 193769835 288;
14348 193770124 738;
15086 193779078 286;
15372 193779365 740;
16112 193795510 284;
16396 193795795 742;
17138 193801672 282;
17420 193801955 744;
18164 193804753 280;
18444 193805034 746;
19190 193815023 278;
19468 193815302 748;
20216 193826320 276;
20492 193826597 750;
21242 193833509 274;
21516 193833784 752;
22268 193840698 272;
22540 193840971 754;
23294 193845833 270;
23564 193846104 756;
24320 193853022 268;
24588 193853291 758;
25346 193861238 266;
25612 193861505 760;
26372 193869454 264;
26636 193869719 762;
27398 193872535 262;
27660 193872798 764;
28424 193878697 260;
28684 193878958 766;
29450 193887940 258;
29708 193888199 57;
29765 193888776 191;
29956 193895129 776;
30732 193895906 250;
30982 193899237 774;
31756 193900012 252;
32008 193907453 760;
48:
0 193674367 12;
12 193674380 491;
503 193678447 512;
1015 193683573 21;
1036 193683596 1001;
2037 193692168 23;
2060 193692192 618;
2678 193693837 406;
3084 193694244 620;
3704 193701026 404;
4108 193701431 622;
4730 193713350 402;
5132 193713753 624;
5756 193721566 400;
6156 193721967 626;
6782 193728755 398;
7180 193729154 628;
7808 193733890 396;
8204 193734287 630;
8834 193741079 394;
9228 193741474 632;
9860 193758538 392;
10252 193758931 634;
10886 193765727 390;
11276 193766118 636;
11912 193781132 388;
12300 193781521 638;
12938 193796537 386;
13324 193796924 640;
13964 193807834 384;
14348 193808219 642;
14990 193811942 382;
15372 193812325 644;
16016 193824266 380;
16396 193824647 646;
17042 193834536 378;
17420 193834915 648;
18068 193839671 376;
18444 193840048 650;
19094 193843779 374;
19468 193844154 652;
20120 193851995 372;
20492 193852368 654;
21146 193856002 6;
21152 193866373 364;
21516 193866738 662;
22178 193875616 362;
22540 193875979 664;
23204 193882805 360;
23564 193883166 666;
24230 193894102 358;
24588 193894461 668;
25256 193904372 356;
25612 193904729 670;
26282 193911561 354;
26636 193911916 672;
27308 193923844 352;
27660 193924197 674;
28334 193933084 350;
28684 193933435 676;
29360 193937192 348;
29708 193937541 678;
30386 193942823 346;
30732 193943170 680;
31412 193948960 344;
31756 193949305 682;
32438 193955119 330;
40:
0 193652897 8;
8 193671692 4;
12 193671697 43;
55 193673151 192;
247 193673599 256;
503 193682037 512;
1015 193684597 21;
1036 193684620 1001;
2037 193709242 23;
2060 193709266 1003;
3063 193718485 21;
3084 193718507 1005;
4089 193722593 19;
4108 193722613 1007;
5115 193726701 17;
5132 193726719 1009;
6141 193735944 15;
6156 193735960 1011;
7167 193739025 13;
7180 193739039 1013;
8193 193754430 11;
8204 193754442 1015;
9219 193760592 9;
9228 193760602 1017;
10245 193767781 7;
10252 193767789 1019;
11271 193774970 5;
11276 193774976 1021;
12297 193782159 3;
12300 193782163 1023;
13323 193791402 1;
13324 193791404 1024;
14348 193802699 1024;
15372 193803724 2;
15374 193809888 1022;
16396 193810911 4;
16400 193817077 1020;
17420 193818098 6;
17426 193825293 1018;
18444 193826312 8;
18452 193832482 1016;
19468 193833499 10;
19478 193841725 1014;
20492 193842740 12;
20504 193854049 1012;
21516 193855062 14;
21530 193859184 1010;
22540 193860195 16;
22556 193864319 1008;
23564 193865328 18;
23582 193870481 1006;
24588 193871488 20;
24608 193873562 1004;
25612 193874567 22;
25634 193884859 1002;
26636 193885862 24;
26660 193892048 1000;
27660 193893049 26;
27686 193896156 998;
28684 193897155 28;
28712 193901291 996;
29708 193902288 30;
29738 193913855 994;
30732 193914850 32;
30764 193926925 992;
31756 193927918 34;
31790 193931030 978;
32:
0 193671444 12;
12 193671457 235;
247 193671740 256;
503 193676143 512;
1015 193682549 21;
1036 193682572 1001;
2037 193688702 23;
2060 193688726 1003;
3063 193698972 21;
3084 193698994 1005;
4089 193702053 19;
4108 193702073 1007;
5115 193711296 17;
5132 193711314 1009;
6141 193715404 15;
6156 193715420 1011;
7167 193725674 13;
7180 193725688 1013;
8193 193732863 11;
8204 193732875 1015;
9219 193744160 9;
9228 193744170 1017;
10245 193750322 7;
10252 193750330 1019;
11271 193756484 5;
11276 193756490 694;
11970 193763673 330;
12300 193764004 696;
12996 193772916 328;
13324 193773245 698;
14022 193786267 326;
14348 193786594 700;
15048 193789348 324;
15372 193789673 279;
15651 193793456 745;
16396 193794202 281;
16677 193800645 743;
17420 193801389 283;
17703 193806807 741;
18444 193807549 285;
18729 193819131 739;
19468 193819871 287;
19755 193822212 508;
20263 193823234 5;
20268 193829401 224;
20492 193829626 802;
21294 193836590 222;
21516 193836813 804;
22320 193842752 220;
22540 193842973 806;
23346 193850968 218;
23564 193851187 808;
24372 193857130 216;
24588 193857347 810;
25398 193868427 214;
25612 193868642 812;
26424 193876643 212;
26636 193876856 814;
27450 193880751 210;
27660 193880962 816;
28476 193885886 208;
28684 193886095 818;
29502 193893075 206;
29708 193893282 820;
30528 193897183 204;
30732 193897388 822;
31554 193902318 202;
31756 193902521 824;
32580 193909507 188;
24:
0 193638401 7;
7 193670564 5;
12 193670570 106;
118 193673023 128;
246 193673343 256;
502 193673855 512;
1014 193674927 22;
1036 193674951 1000;
2036 193685621 24;
2060 193685646 1002;
3062 193699999 22;
3084 193700022 1004;
4088 193703080 20;
4108 193703101 1006;
5114 193708215 18;
5132 193708234 1008;
6140 193714377 16;
6156 193714394 1010;
7166 193719512 14;
7180 193719527 1012;
8192 193723620 12;
8204 193723633 783;
8987 193731836 241;
9228 193732078 785;
10013 193742106 239;
10252 193742346 787;
11039 193745187 237;
11276 193745425 789;
12065 193755457 235;
12300 193755693 791;
13091 193764700 233;
13324 193764934 793;
14117 193773943 231;
14348 193774175 795;
15143 193777024 229;
15372 193777254 797;
16169 193785240 227;
16396 193785468 799;
17195 193792429 225;
17420 193792655 801;
18221 193798591 223;
18444 193798815 803;
19247 193808861 221;
19468 193809083 805;
20273 193816050 219;
20492 193816270 807;
21299 193828374 217;
21516 193828592 809;
22325 193838644 215;
22540 193838860 811;
23351 193847887 213;
23564 193848101 813;
24377 193856103 211;
24588 193856315 815;
25403 193865346 209;
25612 193865556 817;
26429 193871508 207;
26636 193871716 819;
27455 193886913 205;
27660 193887119 821;
28481 193888770 6;
28487 193905399 197;
28684 193905597 829;
29513 193918968 195;
29708 193919164 831;
30539 193924871 193;
30732 193925065 833;
31565 193928976 191;
31756 193929168 835;
32591 193940321 177;
1:
0 193648641 7;
7 193652849 5;
12 193652855 42;
54 193659394 6;
60 193670372 192;
252 193670676 768;
1020 193676911 16;
1036 193676929 1006;
2042 193689729 18;
2060 193689748 1008;
3068 193704107 16;
3084 193704124 1010;
4094 193716431 14;
4108 193716446 1012;
5120 193729782 12;
5132 193729795 1014;
6146 193743133 10;
6156 193743144 1016;
7172 193748268 8;
7180 193748277 1018;
8198 193751349 6;
8204 193751356 1020;
9224 193759565 4;
9228 193759570 1022;
10250 193761619 2;
10252 193761622 1024;
11276 193770863 1024;
12300 193771888 1;
12301 193778051 1023;
13324 193779075 3;
13327 193784213 1021;
14348 193785235 5;
14353 193788321 1019;
15372 193789341 7;
15379 193794483 1017;
16396 193795501 9;
16405 193805780 1015;
17420 193806796 11;
17431 193818104 1013;
18444 193819118 13;
18457 193821185 1011;
19468 193822197 15;
19483 193827347 1009;
20492 193828357 17;
20509 193831455 1007;
21516 193832463 19;
21535 193844806 1005;
22540 193845812 21;
22561 193849941 1003;
23564 193850945 23;
23587 193855076 412;
23999 193856008 95;
24094 193858157 494;
24588 193858652 532;
25120 193867400 492;
25612 193867893 534;
26146 193883832 490;
26636 193884323 536;
27172 193891021 488;
27660 193891510 538;
28198 193898210 486;
28684 193898697 540;
29224 193906426 484;
29708 193906911 542;
30250 193912588 482;
30732 193913071 544;
31276 193930003 480;
31756 193930484 546;
32302 193938219 466;
16:
0 193634304 12;
12 193634317 1024;
1036 193635343 1001;
2037 193681010 23;
2060 193681034 1003;
3063 193690756 21;
3084 193690778 870;
3954 193695891 154;
4108 193696046 872;
4980 193705134 152;
5132 193705287 874;
6006 193710269 150;
6156 193710420 876;
7032 193717458 148;
7180 193717607 878;
8058 193727728 146;
8204 193727875 880;
9084 193737998 144;
9228 193738143 882;
10110 193746214 142;
10252 193746357 884;
11136 193753403 140;
11276 193753544 886;
12162 193766754 138;
12300 193766893 888;
13188 193771889 136;
13324 193772026 890;
14214 193780105 134;
14348 193780240 892;
15240 193787294 132;
15372 193787427 894;
16266 193797564 130;
16396 193797695 896;
17292 193810915 128;
17420 193811044 898;
18318 193813996 126;
18444 193814123 900;
19344 193820158 124;
19468 193820283 902;
20370 193823239 122;
20492 193823362 904;
21396 193835563 120;
21516 193835684 906;
22422 193846860 118;
22540 193846979 908;
23448 193862265 116;
23564 193862382 910;
24474 193874589 114;
24588 193874704 912;
25500 193877670 112;
25612 193877783 914;
26526 193881778 110;
26636 193881889 916;
27552 193889994 108;
27660 193890103 918;
28578 193903345 106;
28684 193903452 920;
29604 193910534 104;
29708 193910639 922;
30630 193916677 102;
30732 193916780 924;
31656 193921790 100;
31756 193921891 926;
32682 193935138 86;
8:
0 193632256 12;
12 193632269 1024;
1036 193633295 1001;
2037 193636344 8;
2045 193671996 15;
2060 193672012 1011;
3071 193678959 13;
3084 193678973 1013;
4097 193686648 11;
4108 193686660 1015;
5123 193692162 6;
5129 193694864 3;
5132 193694868 1023;
6155 193696918 1;
6156 193696920 1024;
7180 193706161 1024;
8204 193707186 2;
8206 193730809 1022;
9228 193731832 4;
9232 193740052 1020;
10252 193741073 6;
10258 193747241 1018;
11276 193748260 8;
11284 193757704 834;
12118 193768808 182;
12300 193768991 844;
13144 193775997 180;
13324 193776178 846;
14170 193783186 178;
14348 193783365 848;
15196 193790472 176;
15372 193790649 753;
16125 193799618 271;
16396 193799890 755;
17151 193803726 269;
17420 193803996 757;
18177 193812969 267;
18444 193813237 759;
19203 193830428 265;
19468 193830694 761;
20229 193837617 263;
20492 193837881 763;
21255 193848914 261;
21516 193849176 765;
22281 193860211 259;
22540 193860471 767;
23307 193863292 257;
23564 193863550 769;
24333 193879724 255;
24588 193879980 771;
25359 193888967 253;
25612 193889221 773;
26385 193900264 251;
26636 193900516 775;
27411 193908480 249;
27660 193908730 777;
28437 193915138 247;
28684 193915386 779;
29463 193920763 245;
29708 193921009 15;
29723 193921544 246;
29969 193925898 763;
30732 193926662 263;
30995 193934111 761;
31756 193934873 265;
32021 193945565 747;
0:
0 193636352 12;
12 193636365 1024;
1036 193637391 1009;
2045 193638408 15;
2060 193638424 1024;
3084 193639449 1024;
4108 193640474 1024;
5132 193641499 1024;
6156 193642524 1024;
7180 193643549 1024;
8204 193644574 1024;
9228 193645599 1024;
10252 193646624 1024;
11276 193647649 991;
12267 193648648 33;
12300 193648682 1024;
13324 193649707 1024;
14348 193650732 1024;
15372 193651757 979;
16351 193652913 45;
16396 193652959 1024;
17420 193653984 1024;
18444 193655009 1024;
19468 193656034 1024;
20492 193657059 1024;
21516 193658084 796;
22312 193659400 228;
22540 193659629 1024;
23564 193660654 1024;
24588 193661679 1024;
25612 193662704 1024;
26636 193663729 1024;
27660 193664754 1024;
28684 193665779 1024;
29708 193666804 1024;
30732 193667829 1024;
31756 193668854 1012;
54:
0 165210112 12;
12 165210125 1024;
1036 165211151 1024;
2060 165212176 1024;
3084 165213201 1024;
4108 165214226 1024;
5132 165215251 1005;
6137 165216776 19;
6156 165216796 1024;
7180 165217821 1024;
8204 165218846 1024;
9228 165219871 1024;
10252 165220896 1024;
11276 165221921 1024;
12300 165222946 1024;
13324 165223971 1024;
14348 165224996 1024;
15372 165226021 1024;
16396 165227046 1024;
17420 165228071 1024;
18444 165229096 1024;
19468 165230121 1024;
20492 165231146 1024;
21516 165232171 1024;
22540 165233196 1024;
23564 165234221 1024;
24588 165235246 1024;
25612 165236271 1024;
26636 165237296 1024;
27660 165238321 1024;
28684 165239346 1024;
29708 165240371 1024;
30732 165241396 1024;
31756 165242421 1012;
53:
0 165244928 12;
12 165244941 1024;
1036 165245967 1024;
2060 165246992 1024;
3084 165248017 1007;
4091 165249544 17;
4108 165249562 1024;
5132 165250587 1024;
6156 165251612 1024;
7180 165252637 1024;
8204 165253662 1024;
9228 165254687 1024;
10252 165255712 1024;
11276 165256737 479;
11755 165266445 545;
12300 165266991 481;
12781 165268499 543;
13324 165269043 483;
13807 165270553 541;
14348 165271095 485;
14833 165272607 539;
15372 165273147 487;
15859 165274661 537;
16396 165275199 489;
16885 165276715 535;
17420 165277251 491;
17911 165279796 533;
18444 165280330 493;
18937 165282312 531;
19468 165282844 1024;
20492 165283869 35;
20527 165285958 989;
21516 165286948 37;
21553 165288012 987;
22540 165289000 39;
22579 165290066 985;
23564 165291052 1024;
24588 165292077 43;
24631 165293147 981;
25612 165294129 45;
25657 165295201 979;
26636 165296181 47;
26683 165297255 977;
27660 165298233 49;
27709 165299309 975;
28684 165300285 51;
28735 165301363 973;
29708 165302337 1024;
30732 165303362 55;
30787 165304444 969;
31756 165305414 57;
31813 165637266 878;
32691 166219936 77;
62:
0 165257216 12;
12 165257229 1024;
1036 165258255 1024;
2060 165259280 1024;
3084 165260305 1024;
4108 165261330 1024;
5132 165262355 1024;
6156 165263380 1024;
7180 165264405 1024;
8204 165265430 1015;
9219 165267472 9;
9228 165267482 1017;
10245 165269526 7;
10252 165269534 1019;
11271 165271580 5;
11276 165271586 1021;
12297 165273634 3;
12300 165273638 1023;
13323 165275688 1;
13324 165275690 1024;
14348 165277742 1024;
15372 165278767 1024;
16396 165279792 4;
16400 165280823 969;
17369 165282306 6;
17375 165283904 45;
17420 165283950 1024;
18444 165284975 983;
19427 165286985 41;
19468 165287027 985;
20453 165289039 39;
20492 165289079 987;
21479 165292120 37;
21516 165292158 989;
22505 165294174 35;
22540 165294210 991;
23531 165296228 33;
23564 165296262 993;
24557 165298282 31;
24588 165298314 995;
25583 165300336 29;
25612 165300366 997;
26609 165303417 27;
26636 165303445 999;
27635 165305471 25;
27660 165305497 871;
28531 165635212 153;
28684 165635366 873;
29557 166218909 151;
29708 166219061 875;
30583 166223017 149;
30732 166223167 1024;
31756 166224192 1012;
61:
0 165306368 12;
12 165306381 1024;
1036 165307407 1024;
2060 165308432 1024;
3084 165309457 1024;
4108 165310482 1024;
5132 165311507 1024;
6156 165312532 1024;
7180 165313557 1003;
8183 165315080 21;
8204 165315102 1024;
9228 165316127 1024;
10252 165317152 1024;
11276 165318177 1024;
12300 165319202 1024;
13324 165320227 1024;
14348 165321252 1024;
15372 165322277 475;
15847 165336089 549;
16396 165336639 477;
16873 165338143 547;
17420 165338691 479;
17899 165340197 545;
18444 165340743 481;
18925 165342251 543;
19468 165342795 483;
19951 165344305 541;
20492 165344847 485;
20977 165346359 539;
21516 165346899 429;
21945 165347842 6;
21951 165349440 589;
22540 165350030 1024;
23564 165351055 439;
24003 165352521 585;
24588 165353107 441;
25029 165354575 583;
25612 165355159 443;
26055 165356629 581;
26636 165357211 445;
27081 165358683 579;
27660 165359263 447;
28107 165380610 6;
28113 165413384 571;
28684 165413956 6;
28690 165414989 1018;
29708 165416008 8;
29716 165442616 1016;
30732 165443633 10;
30742 165446152 572;
31314 165478914 6;
31320 165510212 436;
31756 165510649 519;
32275 165517401 493;
21:
0 165322752 12;
12 165322765 1024;
1036 165323791 1024;
2060 165324816 1024;
3084 165325841 1024;
4108 165326866 1024;
5132 165327891 1024;
6156 165328916 1024;
7180 165329941 1024;
8204 165330966 1024;
9228 165331991 1024;
10252 165333016 1024;
11276 165334041 1024;
12300 165335066 1023;
13323 165337116 1;
13324 165337118 1024;
14348 165339170 1024;
15372 165340195 2;
15374 165341224 1022;
16396 165342247 4;
16400 165343278 1020;
17420 165344299 6;
17426 165345332 1018;
18444 165346351 8;
18452 165347848 1016;
19468 165348865 575;
20043 165351494 449;
20492 165351944 577;
21069 165353548 447;
21516 165353996 579;
22095 165355602 445;
22540 165356048 581;
23121 165357656 443;
23564 165358100 583;
24147 165359710 441;
24588 165360152 1024;
25612 165361177 487;
26099 165413378 6;
26105 165416016 531;
26636 165416548 495;
27131 165443643 529;
27660 165444173 497;
28157 165516374 527;
28684 165516902 499;
29183 165618780 525;
29708 165619306 501;
30209 165625969 523;
30732 165626493 503;
31235 165632131 521;
31756 165632653 505;
32261 166216855 507;
22:
0 165361664 12;
12 165361677 1024;
1036 165362703 1024;
2060 165363728 1024;
3084 165364753 1024;
4108 165365778 1024;
5132 165366803 1024;
6156 165367828 1024;
7180 165368853 1024;
8204 165369878 1024;
9228 165370903 1024;
10252 165371928 1024;
11276 165372953 1024;
12300 165373978 1024;
13324 165375003 1024;
14348 165376028 1024;
15372 165377053 1024;
16396 165378078 1024;
17420 165379103 993;
18413 165380616 31;
18444 165380648 1024;
19468 165381673 1024;
20492 165382698 1024;
21516 165383723 469;
21985 165406773 555;
22540 165407329 1024;
23564 165408354 473;
24037 165409854 551;
24588 165410406 475;
25063 165411908 549;
25612 165412458 406;
26018 165417043 618;
26636 165417662 408;
27044 165447751 616;
27660 165448368 1024;
28684 165449393 335;
29019 165518428 689;
29708 165519118 337;
30045 165620834 687;
30732 165621522 339;
31071 165630077 685;
31756 165630763 341;
32097 166217882 671;
28:
0 165384192 12;
12 165384205 1024;
1036 165385231 1024;
2060 165386256 1024;
3084 165387281 1024;
4108 165388306 1024;
5132 165389331 1024;
6156 165390356 1024;
7180 165391381 1024;
8204 165392406 1024;
9228 165393431 1024;
10252 165394456 1024;
11276 165395481 1024;
12300 165396506 1024;
13324 165397531 1024;
14348 165398556 1024;
15372 165399581 1024;
16396 165400606 1024;
17420 165401631 1024;
18444 165402656 1024;
19468 165403681 1024;
20492 165404706 1024;
21516 165405731 1024;
22540 165406756 17;
22557 165408827 1007;
23564 165409835 19;
23583 165410881 1005;
24588 165411887 21;
24609 165413962 1003;
25612 165414966 23;
25635 165418070 938;
26573 165444670 63;
26636 165444734 898;
27534 165446146 6;
27540 165511688 120;
27660 165511809 457;
28117 165514320 567;
28684 165514888 459;
29143 165520482 565;
29708 165521048 360;
30068 165622888 664;
30732 165623553 362;
31094 165628023 662;
31756 165628686 364;
32120 165636239 648;
38:
0 165419008 12;
12 165419021 1024;
1036 165420047 1024;
2060 165421072 1024;
3084 165422097 1024;
4108 165423122 1024;
5132 165424147 1024;
6156 165425172 1024;
7180 165426197 1024;
8204 165427222 1024;
9228 165428247 1024;
10252 165429272 1024;
11276 165430297 1024;
12300 165431322 1024;
13324 165432347 1024;
14348 165433372 1024;
15372 165434397 1024;
16396 165435422 1024;
17420 165436447 1024;
18444 165437472 1024;
19468 165438497 1024;
20492 165439522 1024;
21516 165440547 1024;
22540 165441572 1024;
23564 165442597 19;
23583 165446724 1005;
24588 165447730 21;
24609 165512266 1003;
25612 165513270 23;
25635 165519455 1001;
26636 165520457 25;
26661 165621861 999;
27660 165622861 27;
27687 165626996 997;
28684 165627994 29;
28713 165634185 995;
29708 165635181 31;
29739 166220963 993;
30732 166221957 33;
30765 166226098 991;
31756 166227090 1012;
36:
0 165449728 12;
12 165449741 1024;
1036 165450767 1024;
2060 165451792 1024;
3084 165452817 1024;
4108 165453842 1024;
5132 165454867 1024;
6156 165455892 1024;
7180 165456917 1024;
8204 165457942 1024;
9228 165458967 1024;
10252 165459992 1024;
11276 165461017 1024;
12300 165462042 1024;
13324 165463067 1024;
14348 165464092 1024;
15372 165465117 1024;
16396 165466142 1024;
17420 165467167 1024;
18444 165468192 1024;
19468 165469217 1024;
20492 165470242 1024;
21516 165471267 1024;
22540 165472292 1024;
23564 165473317 1024;
24588 165474342 1024;
25612 165475367 1024;
26636 165476392 1024;
27660 165477417 983;
28643 165478920 41;
28684 165478962 1024;
29708 165479987 1024;
30732 165481012 1024;
31756 165482037 459;
32215 165513293 553;
31:
0 165482496 12;
12 165482509 1024;
1036 165483535 1024;
2060 165484560 1024;
3084 165485585 1024;
4108 165486610 1024;
5132 165487635 1024;
6156 165488660 1024;
7180 165489685 1024;
8204 165490710 1024;
9228 165491735 1024;
10252 165492760 1024;
11276 165493785 1024;
12300 165494810 1024;
13324 165495835 1024;
14348 165496860 1024;
15372 165497885 1024;
16396 165498910 1024;
17420 165499935 1024;
18444 165500960 1024;
19468 165501985 1024;
20492 165503010 1024;
21516 165504035 1024;
22540 165505060 1024;
23564 165506085 1024;
24588 165507110 1024;
25612 165508135 1024;
26636 165509160 1024;
27660 165510185 27;
27687 165511682 6;
27693 165515347 991;
28684 165516339 35;
28719 165577218 6;
28725 165581916 932;
29657 165623915 51;
29708 165623967 975;
30683 165633158 49;
30732 165633208 977;
31709 166215828 47;
31756 166215876 979;
32735 166221990 33;
12:
0 165521408 12;
12 165521421 1024;
1036 165522447 1024;
2060 165523472 1024;
3084 165524497 1024;
4108 165525522 1024;
5132 165526547 1024;
6156 165527572 1024;
7180 165528597 1024;
8204 165529622 1024;
9228 165530647 1024;
10252 165531672 1024;
11276 165532697 1024;
12300 165533722 1024;
13324 165534747 1024;
14348 165535772 1024;
15372 165536797 1024;
16396 165537822 1024;
17420 165538847 1024;
18444 165539872 1024;
19468 165540897 1024;
20492 165541922 1024;
21516 165542947 989;
22505 165544456 35;
22540 165544492 1024;
23564 165545517 467;
24031 165570619 557;
24588 165571177 469;
25057 165572673 555;
25612 165573229 471;
26083 165574727 553;
26636 165575281 1024;
27660 165576306 398;
28058 165577808 626;
28684 165578435 400;
29084 165580889 624;
29708 165581514 402;
30110 165617753 622;
30732 165618376 404;
31136 165619807 620;
31756 165620428 406;
32162 165631104 606;
13:
0 165545984 12;
12 165545997 1024;
1036 165547023 1024;
2060 165548048 1024;
3084 165549073 1024;
4108 165550098 1024;
5132 165551123 1024;
6156 165552148 1024;
7180 165553173 1024;
8204 165554198 1024;
9228 165555223 1024;
10252 165556248 1024;
11276 165557273 1024;
12300 165558298 1024;
13324 165559323 1024;
14348 165560348 1024;
15372 165561373 1024;
16396 165562398 1024;
17420 165563423 1024;
18444 165564448 1024;
19468 165565473 1024;
20492 165566498 1024;
21516 165567523 1024;
22540 165568548 1024;
23564 165569573 1024;
24588 165570598 21;
24609 165571646 1003;
25612 165572650 23;
25635 165573700 1001;
26636 165574702 25;
26661 165577224 584;
27245 165578835 415;
27660 165579251 1024;
28684 165580276 613;
29297 165609986 6;
29303 165616726 405;
29708 165617132 621;
30329 165624942 403;
30732 165625346 623;
31355 165629050 401;
31756 165629452 625;
32381 165642754 6;
32387 165672021 381;
55:
0 165582848 12;
12 165582861 1024;
1036 165583887 1024;
2060 165584912 1024;
3084 165585937 1024;
4108 165586962 1024;
5132 165587987 1024;
6156 165589012 1024;
7180 165590037 1024;
8204 165591062 1024;
9228 165592087 1024;
10252 165593112 1024;
11276 165594137 1024;
12300 165595162 1024;
13324 165596187 1024;
14348 165597212 1024;
15372 165598237 1024;
16396 165599262 1024;
17420 165600287 1024;
18444 165601312 1024;
19468 165602337 1024;
20492 165603362 1024;
21516 165604387 1024;
22540 165605412 1024;
23564 165606437 1024;
24588 165607462 1024;
25612 165608487 985;
26597 165609992 39;
26636 165610032 1024;
27660 165611057 1024;
28684 165612082 1024;
29708 165613107 1024;
30732 165614132 1024;
31756 165615157 1012;
60:
0 165638144 12;
12 165638157 1024;
1036 165639183 1024;
2060 165640208 1024;
3084 165641233 1007;
4091 165642760 17;
4108 165642778 1024;
5132 165643803 1024;
6156 165644828 1024;
7180 165645853 1024;
8204 165646878 1024;
9228 165647903 1024;
10252 165648928 1024;
11276 165649953 1024;
12300 165650978 1024;
13324 165652003 1024;
14348 165653028 1024;
15372 165654053 1024;
16396 165655078 1024;
17420 165656103 1024;
18444 165657128 1024;
19468 165658153 1024;
20492 165659178 1024;
21516 165660203 1024;
22540 165661228 1024;
23564 165662253 1024;
24588 165663278 1024;
25612 165664303 1024;
26636 165665328 1024;
27660 165666353 1024;
28684 165667378 1024;
29708 165668403 1024;
30732 165669428 1024;
31756 165670453 1012;
63:
0 165672960 12;
12 165672973 1024;
1036 165673999 1009;
2045 165675528 15;
2060 165675544 1024;
3084 165676569 1024;
4108 165677594 1024;
5132 165678619 1024;
6156 165679644 1024;
7180 165680669 1024;
8204 165681694 1024;
9228 165682719 481;
9709 165689348 543;
10252 165689892 483;
10735 165692429 541;
11276 165692971 485;
11761 165694483 539;
12300 165695023 1024;
13324 165696048 489;
13813 165697564 535;
14348 165698100 491;
14839 165699618 533;
15372 165700152 493;
15865 165701672 531;
16396 165702204 495;
16891 165704753 529;
17420 165705283 497;
17917 165706807 527;
18444 165707335 441;
18885 165708861 583;
19468 165709445 443;
19911 165710915 581;
20492 165711497 445;
20937 165713996 579;
21516 165714576 1024;
22540 165715601 449;
22989 165717077 575;
23564 165717653 451;
24015 165719131 573;
24588 165719705 453;
25041 165721185 571;
25612 165721757 455;
26067 165723239 569;
26636 165723809 457;
27093 165725293 567;
27660 165725861 459;
28119 165727347 565;
28684 165727913 461;
29145 165729401 563;
29708 165729965 463;
30171 165731455 561;
30732 165732017 1024;
31756 165733042 467;
32223 165735563 545;
44:
0 165683200 12;
12 165683213 1024;
1036 165684239 1024;
2060 165685264 1024;
3084 165686289 1024;
4108 165687314 1024;
5132 165688339 1009;
6141 165690375 15;
6156 165690391 1024;
7180 165691416 1013;
8193 165693456 11;
8204 165693468 1015;
9219 165696537 9;
9228 165696547 1017;
10245 165698591 7;
10252 165698599 1019;
11271 165700645 5;
11276 165700651 1021;
12297 165702699 3;
12300 165702703 1024;
13324 165703728 1024;
14348 165705780 1024;
15372 165706805 2;
15374 165708296 565;
15939 165709888 457;
16396 165710346 569;
16965 165711942 455;
17420 165712398 1024;
18444 165713423 573;
19017 165716050 451;
19468 165716502 575;
20043 165718104 449;
20492 165718554 577;
21069 165720158 447;
21516 165720606 579;
22095 165722212 445;
22540 165722658 581;
23121 165724266 443;
23564 165724710 583;
24147 165726320 441;
24588 165726762 585;
25173 165728374 439;
25612 165728814 587;
26199 165730428 437;
26636 165730866 589;
27225 165733509 435;
27660 165733945 1024;
28684 165734970 593;
29277 165736590 431;
29708 165737022 1024;
30732 165738047 449;
31181 166204531 575;
31756 166205107 451;
32207 166210693 561;
37:
0 165738496 12;
12 165738509 1024;
1036 165739535 1009;
2045 165741064 15;
2060 165741080 1024;
3084 165742105 1024;
4108 165743130 1024;
5132 165744155 1024;
6156 165745180 1024;
7180 165746205 1024;
8204 165747230 1024;
9228 165748255 1024;
10252 165749280 1024;
11276 165750305 1024;
12300 165751330 1024;
13324 165752355 1024;
14348 165753380 1024;
15372 165754405 1024;
16396 165755430 1024;
17420 165756455 473;
17893 165774374 551;
18444 165774926 475;
18919 165776428 549;
19468 165776978 477;
19945 165778482 547;
20492 165779030 479;
20971 165780536 545;
21516 165781082 481;
21997 165782590 543;
22540 165783134 483;
23023 165784644 541;
23564 165785186 485;
24049 165806594 6;
24055 165809202 533;
24588 165809736 493;
25081 165812283 531;
25612 165812815 495;
26107 165837880 529;
26636 165838410 438;
27074 165839934 586;
27660 165840521 440;
28100 165844042 584;
28684 165844627 365;
29049 165873735 659;
29708 165874395 367;
30075 165877843 657;
30732 165878501 369;
31101 165882978 655;
31756 165883634 371;
32127 165887086 641;
52:
0 165756928 12;
12 165756941 1024;
1036 165757967 1024;
2060 165758992 1024;
3084 165760017 1024;
4108 165761042 1024;
5132 165762067 1024;
6156 165763092 1024;
7180 165764117 1024;
8204 165765142 1024;
9228 165766167 1024;
10252 165767192 1024;
11276 165768217 1024;
12300 165769242 1024;
13324 165770267 1024;
14348 165771292 1024;
15372 165772317 995;
16367 165773832 29;
16396 165773862 512;
16908 165775401 512;
17420 165775914 514;
17934 165777455 510;
18444 165777966 516;
18960 165779509 508;
19468 165780018 518;
19986 165781563 506;
20492 165782070 520;
21012 165783617 504;
21516 165784122 522;
22038 165785671 502;
22540 165786174 1024;
23564 165787199 449;
24013 165811256 575;
24588 165811832 451;
25039 165836853 573;
25612 165837427 453;
26065 165839362 6;
26071 165843015 565;
26636 165843581 461;
27097 165872708 563;
27660 165873272 463;
28123 165878870 561;
28684 165879432 465;
29149 165885032 559;
29708 165885592 467;
30175 165890167 557;
30732 165890725 469;
31201 165892221 555;
31756 165892777 471;
32227 165895302 541;
45:
0 165787648 12;
12 165787661 1024;
1036 165788687 1024;
2060 165789712 1024;
3084 165790737 1024;
4108 165791762 1024;
5132 165792787 1024;
6156 165793812 1024;
7180 165794837 1024;
8204 165795862 1024;
9228 165796887 1024;
10252 165797912 1024;
11276 165798937 1024;
12300 165799962 1024;
13324 165800987 1024;
14348 165802012 1024;
15372 165803037 1024;
16396 165804062 1024;
17420 165805087 993;
18413 165806600 31;
18444 165806632 1024;
19468 165807657 1024;
20492 165808682 520;
21012 165810229 504;
21516 165810734 522;
22038 165813310 502;
22540 165813813 459;
22999 165840961 565;
23564 165841527 461;
24025 165870654 563;
24588 165871218 398;
24986 165872130 6;
24992 165875789 620;
25612 165876410 406;
26018 165880924 618;
26636 165881543 408;
27044 165888113 616;
27660 165888730 410;
28070 165894275 614;
28684 165894890 412;
29096 165896329 612;
29708 165896942 414;
30122 166200423 610;
30732 166201034 416;
31148 166205558 608;
31756 166206167 418;
32174 166212747 594;
47:
0 165814272 12;
12 165814285 1024;
1036 165815311 1024;
2060 165816336 1024;
3084 165817361 1024;
4108 165818386 1024;
5132 165819411 1024;
6156 165820436 1024;
7180 165821461 1024;
8204 165822486 1024;
9228 165823511 1024;
10252 165824536 1024;
11276 165825561 1024;
12300 165826586 1024;
13324 165827611 1024;
14348 165828636 1024;
15372 165829661 1024;
16396 165830686 1024;
17420 165831711 1024;
18444 165832736 1024;
19468 165833761 1024;
20492 165834786 1024;
21516 165835811 1024;
22540 165836836 17;
22557 165839368 566;
23123 165841988 441;
23564 165842430 585;
24149 165872136 439;
24588 165872576 132;
24720 165874762 892;
25612 165875655 134;
25746 165879897 890;
26636 165880788 136;
26772 165884005 888;
27660 165884894 138;
27798 165889140 886;
28684 165890027 140;
28824 165897356 884;
29708 166199817 606;
30314 166207612 418;
30732 166208031 608;
31340 166213774 416;
31756 166214191 1012;
46:
0 165844992 12;
12 165845005 1024;
1036 165846031 1024;
2060 165847056 1024;
3084 165848081 1024;
4108 165849106 1024;
5132 165850131 1024;
6156 165851156 1024;
7180 165852181 1024;
8204 165853206 1024;
9228 165854231 1024;
10252 165855256 1024;
11276 165856281 1024;
12300 165857306 1024;
13324 165858331 1024;
14348 165859356 1024;
15372 165860381 1024;
16396 165861406 1024;
17420 165862431 1024;
18444 165863456 1024;
19468 165864481 1024;
20492 165865506 1024;
21516 165866531 1024;
22540 165867556 1024;
23564 165868581 1024;
24588 165869606 1024;
25612 165870631 23;
25635 165876816 1001;
26636 165877818 25;
26661 165881951 999;
27660 165882951 27;
27687 165886059 997;
28684 165887057 29;
28713 165891194 995;
29708 165892190 31;
29739 165893248 993;
30732 165894242 33;
30765 166128780 884;
31649 166201450 107;
31756 166201558 919;
32675 166208639 93;
39:
0 165898240 12;
12 165898253 1024;
1036 165899279 1024;
2060 165900304 1024;
3084 165901329 1024;
4108 165902354 1024;
5132 165903379 1005;
6137 165904904 19;
6156 165904924 1024;
7180 165905949 1024;
8204 165906974 1024;
9228 165907999 1024;
10252 165909024 1024;
11276 165910049 479;
11755 165919757 545;
12300 165920303 481;
12781 165921811 543;
13324 165922355 483;
13807 165923865 541;
14348 165924407 485;
14833 165925919 539;
15372 165926459 487;
15859 165927973 537;
16396 165928511 489;
16885 165930027 535;
17420 165930563 491;
17911 165932081 533;
18444 165932615 493;
18937 165934135 531;
19468 165934667 495;
19963 165936189 529;
20492 165936719 433;
20925 165937666 6;
20931 165939270 585;
21516 165939856 441;
21957 165941324 583;
22540 165941908 443;
22983 165963823 581;
23564 165964405 445;
24009 165967931 579;
24588 165968511 447;
25035 165994042 577;
25612 165994620 449;
26061 165996096 575;
26636 165996672 451;
27087 166000204 573;
27660 166000778 453;
28113 166003202 6;
28119 166006366 565;
28684 166006932 461;
29145 166009447 563;
29708 166010011 463;
30171 166012528 400;
30571 166043725 161;
30732 166043887 865;
31597 166108240 159;
31756 166108400 867;
32623 166113375 145;
29:
0 165910528 12;
12 165910541 1024;
1036 165911567 1024;
2060 165912592 1024;
3084 165913617 1024;
4108 165914642 1024;
5132 165915667 1024;
6156 165916692 1024;
7180 165917717 1024;
8204 165918742 1015;
9219 165920784 9;
9228 165920794 1017;
10245 165922838 7;
10252 165922846 1019;
11271 165924892 5;
11276 165924898 1021;
12297 165926946 3;
12300 165926950 1023;
13323 165929000 1;
13324 165929002 1024;
14348 165931054 1024;
15372 165932079 2;
15374 165933108 1022;
16396 165934131 4;
16400 165935162 1020;
17420 165936183 6;
17426 165937672 1018;
18444 165938691 579;
19023 165940297 445;
19468 165940743 581;
20049 165942351 443;
20492 165942795 501;
20993 165965877 523;
21516 165966401 503;
22019 165968958 521;
22540 165969480 440;
22980 165997123 584;
23564 165997708 442;
24006 166001231 582;
24588 166001814 444;
25032 166008420 580;
25612 166009001 446;
26058 166011501 578;
26636 166012080 448;
27084 166044752 576;
27660 166045329 367;
28027 166106186 657;
28684 166106844 369;
29053 166114402 655;
29708 166115058 371;
30079 166120564 653;
30732 166121218 373;
31105 166124672 651;
31756 166125324 375;
32131 166194261 637;
30:
0 165943296 12;
12 165943309 1024;
1036 165944335 1024;
2060 165945360 1024;
3084 165946385 1024;
4108 165947410 1024;
5132 165948435 1024;
6156 165949460 1024;
7180 165950485 1024;
8204 165951510 1024;
9228 165952535 1024;
10252 165953560 1024;
11276 165954585 1024;
12300 165955610 1024;
13324 165956635 1024;
14348 165957660 1024;
15372 165958685 1024;
16396 165959710 1024;
17420 165960735 1024;
18444 165961760 1024;
19468 165962785 1024;
20492 165963810 13;
20505 165964850 1011;
21516 165965862 15;
21531 165966904 1009;
22540 165967914 17;
22557 165993015 1007;
23564 165994023 19;
23583 165998150 1005;
24588 165999156 21;
24609 166003285 1003;
25612 166004289 23;
25635 166005339 1001;
26636 166006341 25;
26661 166010474 999;
27660 166011474 27;
27687 166075466 950;
28637 166111321 47;
28684 166111369 979;
29663 166118510 45;
29708 166118556 981;
30689 166123645 43;
30732 166123689 983;
31715 166193234 41;
31756 166193276 985;
32741 166203504 27;
23:
0 165970434 12;
12 165970447 1024;
1036 165971473 1024;
2060 165972498 1024;
3084 165973523 1024;
4108 165974548 1024;
5132 165975573 1024;
6156 165976598 1024;
7180 165977623 1024;
8204 165978648 1024;
9228 165979673 1024;
10252 165980698 1024;
11276 165981723 1024;
12300 165982748 1024;
13324 165983773 1024;
14348 165984798 1024;
15372 165985823 1024;
16396 165986848 1024;
17420 165987873 1024;
18444 165988898 1024;
19468 165989923 1024;
20492 165990948 1024;
21516 165991973 1024;
22540 165992998 17;
22557 165995069 1007;
23564 165996077 19;
23583 165999177 1005;
24588 166000183 21;
24609 166002258 430;
25039 166003208 77;
25116 166004312 496;
25612 166004809 530;
26142 166007393 494;
26636 166007888 532;
27168 166035970 6;
27174 166042698 486;
27660 166043185 540;
28200 166101506 6;
28206 166105159 478;
28684 166105638 548;
29232 166112348 476;
29708 166112825 550;
30258 166119537 474;
30732 166120012 552;
31284 166127753 472;
31756 166128226 554;
32310 166202477 458;
20:
0 166012928 12;
12 166012941 1024;
1036 166013967 1024;
2060 166014992 1024;
3084 166016017 1024;
4108 166017042 1024;
5132 166018067 1024;
6156 166019092 1024;
7180 166020117 1024;
8204 166021142 1024;
9228 166022167 1024;
10252 166023192 1024;
11276 166024217 1024;
12300 166025242 1024;
13324 166026267 1024;
14348 166027292 1024;
15372 166028317 1024;
16396 166029342 1024;
17420 166030367 1024;
18444 166031392 1024;
19468 166032417 1024;
20492 166033442 1024;
21516 166034467 989;
22505 166035976 35;
22540 166036012 1024;
23564 166037037 1024;
24588 166038062 1024;
25612 166039087 1024;
26636 166040112 1024;
27660 166041137 1024;
28684 166042162 536;
29220 166068738 6;
29226 166074439 482;
29708 166074922 544;
30252 166107213 480;
30732 166107694 546;
31278 166116456 478;
31756 166116935 548;
32304 166122618 464;
14:
0 166045696 12;
12 166045709 1024;
1036 166046735 1024;
2060 166047760 1024;
3084 166048785 1024;
4108 166049810 1024;
5132 166050835 1024;
6156 166051860 1024;
7180 166052885 1024;
8204 166053910 1024;
9228 166054935 1024;
10252 166055960 1024;
11276 166056985 1024;
12300 166058010 1024;
13324 166059035 1024;
14348 166060060 1024;
15372 166061085 1024;
16396 166062110 1024;
17420 166063135 1024;
18444 166064160 1024;
19468 166065185 1024;
20492 166066210 1024;
21516 166067235 989;
22505 166068744 35;
22540 166068780 1024;
23564 166069805 1024;
24588 166070830 1024;
25612 166071855 1024;
26636 166072880 1024;
27660 166073905 534;
28194 166110294 490;
28684 166110785 536;
29220 166117483 488;
29708 166117972 538;
30246 166125699 486;
30732 166126186 540;
31272 166195288 484;
31756 166195773 542;
32298 166199810 6;
32304 166209666 464;
15:
0 166076416 12;
12 166076429 1024;
1036 166077455 1024;
2060 166078480 1024;
3084 166079505 1024;
4108 166080530 1024;
5132 166081555 1024;
6156 166082580 1024;
7180 166083605 1024;
8204 166084630 1024;
9228 166085655 1024;
10252 166086680 1024;
11276 166087705 1024;
12300 166088730 1024;
13324 166089755 1024;
14348 166090780 1024;
15372 166091805 1024;
16396 166092830 1024;
17420 166093855 1024;
18444 166094880 1024;
19468 166095905 1024;
20492 166096930 1024;
21516 166097955 1024;
22540 166098980 1024;
23564 166100005 987;
24551 166101512 37;
24588 166101550 1024;
25612 166102575 1024;
26636 166103600 1024;
27660 166104625 534;
28194 166109267 490;
28684 166109758 536;
29220 166115429 488;
29708 166115918 538;
30246 166121591 486;
30732 166122078 540;
31272 166126726 484;
31756 166127211 542;
32298 166196315 470;
6:
0 166129664 12;
12 166129677 1024;
1036 166130703 1024;
2060 166131728 1024;
3084 166132753 1007;
4091 166134280 17;
4108 166134298 1024;
5132 166135323 1024;
6156 166136348 1024;
7180 166137373 1024;
8204 166138398 1024;
9228 166139423 1024;
10252 166140448 1024;
11276 166141473 1024;
12300 166142498 1024;
13324 166143523 1024;
14348 166144548 1024;
15372 166145573 1024;
16396 166146598 1024;
17420 166147623 1024;
18444 166148648 1024;
19468 166149673 1024;
20492 166150698 1024;
21516 166151723 1024;
22540 166152748 1024;
23564 166153773 1024;
24588 166154798 1024;
25612 166155823 1024;
26636 166156848 1024;
27660 166157873 1024;
28684 166158898 1024;
29708 166159923 461;
30169 166167042 6;
30175 166189126 557;
30732 166189684 469;
31201 166191180 555;
31756 166191736 471;
32227 166198369 541;
7:
0 166160384 12;
12 166160397 1024;
1036 166161423 1024;
2060 166162448 1024;
3084 166163473 1024;
4108 166164498 1024;
5132 166165523 1005;
6137 166167048 19;
6156 166167068 1024;
7180 166168093 1024;
8204 166169118 1024;
9228 166170143 1024;
10252 166171168 1024;
11276 166172193 1024;
12300 166173218 1024;
13324 166174243 1024;
14348 166175268 1024;
15372 166176293 1024;
16396 166177318 1024;
17420 166178343 1024;
18444 166179368 1024;
19468 166180393 1024;
20492 166181418 1024;
21516 166182443 1024;
22540 166183468 1024;
23564 166184493 1024;
24588 166185518 1024;
25612 166186543 1024;
26636 166187568 1024;
27660 166188593 533;
28193 166190153 491;
28684 166190645 535;
29219 166192207 489;
29708 166192697 537;
30245 166197342 487;
30732 166197830 539;
31271 166206585 485;
31756 166207071 541;
32297 166211720 471;
5:
0 193652909 4;
4 194544130 6;
10 194710713 2;
12 194710716 13;
25 194710745 32;
57 194710873 64;
121 194711321 384;
505 194712217 512;
1017 194713753 19;
1036 194713774 1003;
2039 194715804 21;
2060 194715826 1005;
3065 194717866 19;
3084 194717886 1007;
4091 194719920 17;
4108 194719938 1024;
5132 194720963 1011;
6143 194723001 13;
6156 194723015 1013;
7169 194725055 11;
7180 194725067 1015;
8195 194728136 9;
8204 194728146 1024;
9228 194729171 1019;
10247 194731217 5;
10252 194731223 1021;
11273 194733271 3;
11276 194733275 1023;
12299 194735325 1;
12300 194735327 1024;
13324 194737379 1024;
14348 194738404 1024;
15372 194739429 4;
15376 194740744 743;
16119 194742514 277;
16396 194742792 749;
17145 194744568 275;
17420 194744844 751;
18171 194746622 273;
18444 194746896 753;
19197 194748676 271;
19468 194748948 1024;
20492 194749973 757;
21249 194751757 267;
21516 194752025 759;
22275 194753811 265;
22540 194754077 761;
23301 194755865 263;
23564 194756129 763;
24327 194758946 261;
24588 194759208 765;
25353 194761000 259;
25612 194761260 1024;
26636 194762285 769;
27405 194764081 255;
27660 194764337 1024;
28684 194765362 773;
29457 194767162 251;
29708 194767414 775;
30483 194770243 249;
30732 194770493 777;
31509 194772297 247;
31756 194772545 447;
32203 194774351 565;
4:
0 193669866 1;
1 194445826 6;
7 194478594 5;
12 194710729 16;
28 194710777 96;
124 194710937 384;
508 194711705 512;
1020 194712729 16;
1036 194712747 1006;
2042 194714777 18;
2060 194714796 1008;
3068 194716831 16;
3084 194716848 1010;
4094 194718893 14;
4108 194718908 1012;
5120 194721974 12;
5132 194721987 1014;
6146 194724028 10;
6156 194724039 1016;
7172 194726082 8;
7180 194726091 1024;
8204 194727116 1020;
9224 194730190 4;
9228 194730195 1022;
10250 194732244 2;
10252 194732247 1024;
11276 194734299 1024;
12300 194735324 1;
12301 194736352 1023;
13324 194737376 3;
13327 194739433 791;
14118 194741487 230;
14348 194741718 796;
15144 194743541 228;
15372 194743770 798;
16170 194745595 226;
16396 194745822 800;
17196 194747649 224;
17420 194747874 802;
18222 194750730 222;
18444 194750953 804;
19248 194752784 220;
19468 194753005 806;
20274 194754838 218;
20492 194755057 808;
21300 194756892 216;
21516 194757109 1024;
22540 194758134 812;
23352 194759973 212;
23564 194760186 814;
24378 194763054 210;
24588 194763265 816;
25404 194766135 208;
25612 194766344 818;
26430 194768189 206;
26636 194768396 1024;
27660 194769421 822;
28482 194771270 202;
28684 194771473 824;
29508 194773512 200;
29708 194773713 638;
30346 194775378 386;
30732 194775765 1024;
31756 194776790 1012;
51:
0 194210581 12;
12 194210594 235;
247 194211856 768;
1015 194226999 21;
1036 194227022 1001;
2037 194238293 23;
2060 194238317 1003;
3063 194258833 21;
3084 194258855 1005;
4089 194266022 19;
4108 194266042 1007;
5115 194284508 17;
5132 194284526 1009;
6141 194302994 15;
6156 194303010 1011;
7167 194315318 13;
7180 194315332 1013;
8193 194332777 11;
8204 194332789 1015;
9219 194349209 9;
9228 194349219 1017;
10245 194358452 7;
10252 194358460 1019;
11271 194370776 5;
11276 194370782 1021;
12297 194389262 3;
12300 194389266 1023;
13323 194414937 1;
13324 194414939 1024;
14348 194435477 1024;
15372 194436502 2;
15374 194446774 1022;
16396 194447797 4;
16400 194468341 1020;
17420 194469362 6;
17426 194478611 1018;
18444 194479630 8;
18452 194504286 1016;
19468 194505303 10;
19478 194515583 1014;
20492 194516598 12;
20504 194526880 1012;
21516 194527893 14;
21530 194551528 1010;
22540 194552539 16;
22556 194559744 1008;
23564 194560753 18;
23582 194580284 1006;
24588 194581291 20;
24608 194601851 1004;
25612 194602856 22;
25634 194612121 1002;
26636 194613124 24;
26660 194633688 1000;
27660 194634689 26;
27686 194654228 998;
28684 194655227 28;
28712 194668606 996;
29708 194669603 30;
29738 194690173 994;
30732 194691168 32;
30764 194703524 992;
31756 194704517 34;
31790 194706605 851;
32641 194707970 6;
32647 194709686 121;
11:
0 194206484 12;
12 194206497 235;
247 194208786 256;
503 194210069 512;
1015 194216732 21;
1036 194216755 1001;
2037 194237266 23;
2060 194237290 1003;
3063 194250617 21;
3084 194250639 1005;
4089 194270130 19;
4108 194270150 1007;
5115 194280400 17;
5132 194280418 1009;
6141 194281986 6;
6147 194300940 9;
6156 194300950 1017;
7173 194322507 7;
7180 194322515 1019;
8199 194337912 5;
8204 194337918 1021;
9225 194359479 3;
9228 194359483 1023;
10251 194380296 1;
10252 194380298 748;
11000 194393370 276;
11276 194393647 750;
12026 194401586 274;
12300 194401861 752;
13052 194419045 272;
13324 194419318 754;
14078 194430342 270;
14348 194430613 756;
15104 194450882 268;
15372 194451151 758;
16130 194462179 266;
16396 194462446 760;
17156 194481692 264;
17420 194481957 762;
18182 194491962 262;
18444 194492225 764;
19208 194506340 260;
19468 194506601 766;
20234 194521745 258;
20492 194522004 768;
21260 194538177 256;
21516 194538434 770;
22286 194553582 254;
22540 194553837 772;
23312 194576176 208;
23520 194576904 44;
23564 194576949 254;
23818 194586446 770;
24588 194587217 256;
24844 194596716 768;
25612 194597485 258;
25870 194616229 766;
26636 194616996 260;
26896 194630607 764;
27660 194631372 262;
27922 194650120 762;
28684 194650883 264;
28948 194665525 760;
29708 194666286 266;
29974 194681957 758;
30732 194682716 268;
31000 194694281 756;
31756 194695038 270;
32026 194704551 742;
59:
0 194177850 8;
8 194177866 4;
12 194177871 11;
23 194177898 32;
55 194177962 64;
119 194178346 128;
247 194178602 256;
503 194181418 512;
1015 194197250 21;
1036 194197273 1001;
2037 194213651 23;
2060 194213675 1003;
3063 194233158 21;
3084 194233180 1005;
4089 194247536 19;
4108 194247556 1007;
5115 194260887 17;
5132 194260905 1009;
6141 194278346 15;
6156 194278362 1011;
7167 194290670 13;
7180 194290684 1013;
8193 194312237 11;
8204 194312249 1015;
9219 194338939 9;
9228 194338949 1017;
10245 194353317 7;
10252 194353325 1019;
11271 194367695 5;
11276 194367701 1021;
12297 194391316 3;
12300 194391320 1023;
13323 194404667 1;
13324 194404669 1024;
14348 194424180 1024;
15372 194425205 2;
15374 194442666 1022;
16396 194443689 4;
16400 194456017 1020;
17420 194457038 6;
17426 194480665 1018;
18444 194481684 8;
18452 194490935 1016;
19468 194491952 10;
19478 194516610 1014;
20492 194517625 12;
20504 194548447 1012;
21516 194549460 14;
21530 194560771 1010;
22540 194561782 16;
22556 194571041 1008;
23564 194572050 18;
23582 194590554 1006;
24588 194591561 20;
24608 194614175 1004;
25612 194615180 22;
25634 194624445 1002;
26636 194625448 24;
26660 194637796 1000;
27660 194638797 26;
27686 194642434 6;
27692 194661417 992;
28684 194662410 34;
28718 194684011 990;
29708 194685002 36;
29744 194693254 988;
30732 194694243 38;
30770 194705578 986;
31756 194706565 40;
31796 194707976 972;
58:
0 194177858 8;
8 194177882 4;
12 194177887 11;
23 194177930 32;
55 194178026 64;
119 194178474 128;
247 194178858 256;
503 194180906 512;
1015 194187010 21;
1036 194187033 1001;
2037 194207759 23;
2060 194207783 1003;
3063 194225972 21;
3084 194225994 1005;
4089 194242401 19;
4108 194242421 1007;
5115 194261914 17;
5132 194261932 1009;
6141 194283481 15;
6156 194283497 1011;
7167 194294778 13;
7180 194294792 1013;
8193 194308129 11;
8204 194308141 1015;
9219 194324561 9;
9228 194324571 1017;
10245 194344074 7;
10252 194344082 1019;
11271 194365641 5;
11276 194365647 1021;
12297 194382073 3;
12300 194382077 1023;
13323 194396451 1;
13324 194396453 1024;
14348 194410829 1024;
15372 194411854 2;
15374 194433423 1022;
16396 194434446 4;
16400 194441639 1020;
17420 194442660 6;
17426 194463206 1018;
18444 194464225 8;
18452 194495043 1016;
19468 194496060 10;
19478 194509421 1014;
20492 194510436 12;
20504 194533042 1012;
21516 194534055 14;
21530 194541258 1010;
22540 194542269 16;
22556 194555636 1008;
23564 194556645 18;
23582 194567960 1006;
24588 194568967 20;
24608 194588500 1004;
25612 194589505 22;
25634 194605959 1002;
26636 194606962 24;
26660 194620337 1000;
27660 194621338 26;
27686 194640877 998;
28684 194641876 28;
28712 194664498 996;
29708 194665495 30;
29738 194671687 994;
30732 194672682 32;
30764 194675202 6;
30770 194687092 986;
31756 194688079 40;
31796 194701470 972;
50:
0 194176450 12;
12 194176463 43;
55 194176634 64;
119 194176954 128;
247 194177594 256;
503 194181930 512;
1015 194191106 21;
1036 194191129 1001;
2037 194209042 23;
2060 194209066 1003;
3063 194220837 21;
3084 194220859 1005;
4089 194240347 19;
4108 194240367 1007;
5115 194246509 17;
5132 194246527 1009;
6141 194263968 15;
6156 194263984 1011;
7167 194279373 13;
7180 194279387 1013;
8193 194287589 11;
8204 194287601 1015;
9219 194317372 9;
9228 194317382 1017;
10245 194329696 7;
10252 194329704 1019;
11271 194346128 5;
11276 194346134 874;
12150 194357425 150;
12300 194357576 876;
13176 194371803 148;
13324 194371952 878;
14202 194388235 146;
14348 194388382 880;
15228 194403640 144;
15372 194403785 882;
16254 194421099 142;
16396 194421242 884;
17280 194432396 140;
17420 194432537 886;
18306 194459098 138;
18444 194459237 888;
19332 194472449 136;
19468 194472586 890;
20358 194492989 134;
20492 194493124 892;
21384 194514556 132;
21516 194514689 894;
22410 194535096 130;
22540 194535227 896;
23436 194557690 128;
23564 194557819 898;
24462 194570014 126;
24588 194570141 900;
25488 194589527 124;
25612 194589652 902;
26514 194609040 112;
26626 194609672 10;
26636 194609683 384;
27020 194618283 640;
27660 194618924 386;
28046 194635742 638;
28684 194636381 388;
29072 194652174 636;
29708 194652811 390;
30098 194669633 634;
30732 194670268 392;
31124 194685038 632;
31756 194685671 394;
32150 194697362 618;
