0:
0 21264384 12;
12 21264397 1024;
1036 21265423 1009;
2045 21266952 15;
2060 21266968 1024;
3084 21267993 1024;
4108 21269018 1024;
5132 21270043 1024;
6156 21271068 1024;
7180 21272093 1024;
8204 21273118 1024;
9228 21274143 1024;
10252 21275168 1024;
11276 21276193 1024;
12300 21277218 1024;
13324 21278243 1024;
14348 21279268 1024;
15372 21280293 1024;
16396 21281318 1024;
17420 21282343 1024;
18444 21283368 1024;
19468 21284393 1024;
20492 21285418 1024;
21516 21286443 1024;
22540 21287468 1024;
23564 21288493 1024;
24588 21289518 1024;
25612 21290543 1024;
26636 21291568 1024;
27660 21292593 1024;
28684 21293618 1024;
29708 21294643 1024;
30732 21295668 1024;
31756 21296693 1012;
8:
0 21239809 12;
12 21239822 1024;
1036 21240848 1000;
2036 21243896 24;
2060 21243921 1024;
3084 21244946 1004;
4088 21256184 8;
4096 21256200 12;
4108 21256213 998;
5106 21301342 26;
5132 21301369 1000;
6132 21303396 24;
6156 21303421 1002;
7158 21312639 22;
7180 21312662 1004;
8184 21337287 20;
8204 21337308 1006;
9210 21345503 18;
9228 21345522 1008;
10236 21353719 16;
10252 21353736 1010;
11262 21366043 14;
11276 21366058 1012;
12288 21377340 12;
12300 21377353 1014;
13314 21384529 10;
13324 21384540 1016;
14340 21391718 8;
14348 21391727 1018;
15366 21403015 6;
15372 21403022 1020;
16392 21410204 4;
16396 21410209 1022;
17418 21414312 2;
17420 21414315 1024;
18444 21426637 1024;
19468 21427662 1;
19469 21438960 1023;
20492 21439984 3;
20495 21451284 1021;
21516 21452306 5;
21521 21462581 459;
21980 21463560 48;
22028 21464635 512;
22540 21465148 514;
23054 21471824 510;
23564 21472335 516;
24080 21481067 508;
24588 21481576 518;
25106 21490310 506;
25612 21490817 520;
26132 21502634 504;
26636 21503139 522;
27158 21514958 502;
27660 21515461 524;
28184 21521120 500;
28684 21521621 526;
29210 21525209 498;
29708 21525708 528;
30236 21534686 496;
30732 21535183 530;
31262 21541872 494;
31756 21542367 532;
32288 21558772 480;
16:
0 21241856 12;
12 21241869 1024;
1036 21242895 1001;
2037 21245950 2;
2039 21249528 21;
2060 21249550 1005;
3065 21254142 2;
3067 21258238 2;
3069 21261307 15;
3084 21261323 1011;
4095 21305450 13;
4108 21305464 1013;
5121 21313666 11;
5132 21313678 1015;
6147 21317774 9;
6156 21317784 1017;
7173 21324963 7;
7180 21324971 1019;
8199 21336260 5;
8204 21336266 1021;
9225 21346530 3;
9228 21346534 1023;
10251 21354746 1;
10252 21354748 1024;
11276 21360908 1024;
12300 21361933 2;
12302 21375286 1022;
13324 21376309 4;
13328 21380421 1020;
14348 21381442 6;
14354 21388637 1018;
15372 21389656 8;
15380 21394799 1016;
16396 21395816 10;
16406 21398018 6;
16412 21408150 1008;
17420 21409159 18;
17438 21419447 1006;
18444 21420454 20;
18464 21422528 1004;
19468 21423533 22;
19490 21428690 1002;
20492 21429693 24;
20516 21436906 1000;
21516 21437907 26;
21542 21444095 998;
22540 21445094 28;
22568 21455392 996;
23564 21456389 30;
23594 21470797 994;
24588 21471792 32;
24620 21484148 992;
25612 21485141 1024;
26636 21486166 36;
26672 21489283 988;
27660 21490272 38;
27698 21501607 986;
28684 21502594 40;
28724 21510850 984;
29708 21511835 42;
29750 21519066 982;
30732 21520049 44;
30776 21527260 980;
31756 21528241 46;
31802 21531605 966;
1:
0 21254144 12;
12 21254157 1024;
1036 21255183 1001;
2037 21257211 23;
2060 21257235 1003;
3063 21311612 21;
3084 21311634 1005;
4089 21323936 19;
4108 21323956 1007;
5115 21334206 17;
5132 21334224 1009;
6141 21350638 15;
6156 21350654 1011;
7167 21355773 13;
7180 21355787 1013;
8193 21358854 11;
8204 21358866 1015;
9219 21367070 9;
9228 21367080 1017;
10245 21372205 7;
10252 21372213 1019;
11271 21378367 5;
11276 21378373 1021;
12297 21386583 3;
12300 21386587 1023;
13323 21390691 1;
13324 21390693 1024;
14348 21395826 1024;
15372 21396851 2;
15374 21404042 1022;
16396 21405065 4;
16400 21413285 1020;
17420 21414306 6;
17426 21424582 1018;
18444 21425601 8;
18452 21429717 555;
19007 21431771 461;
19468 21432233 565;
20033 21437933 459;
20492 21438393 567;
21059 21448203 457;
21516 21448661 569;
22085 21453338 455;
22540 21453794 571;
23111 21459500 453;
23564 21459954 573;
24137 21466689 451;
24588 21467141 575;
25163 21474905 449;
25612 21475355 577;
26189 21491337 447;
26636 21491785 579;
27215 21497499 445;
27660 21497945 581;
28241 21506742 443;
28684 21507186 583;
29267 21513931 441;
29708 21514373 585;
30293 21520093 439;
30732 21520533 587;
31319 21538791 437;
31756 21539229 589;
32345 21545980 423;
24:
0 21245952 12;
12 21245965 1003;
1015 21248504 21;
1036 21248527 1001;
2037 21250555 23;
2060 21250579 1003;
3063 21260289 7;
3070 21307504 14;
3084 21307519 1012;
4096 21310585 12;
4108 21310598 1014;
5122 21316747 10;
5132 21316758 1016;
6148 21322909 8;
6156 21322918 1018;
7174 21327017 6;
7180 21327024 1020;
8200 21331125 4;
8204 21331130 838;
9042 21339341 186;
9228 21339528 840;
10068 21349611 184;
10252 21349796 842;
11094 21352692 182;
11276 21352875 844;
12120 21362962 180;
12300 21363143 846;
13146 21373232 178;
13324 21373411 848;
14172 21381448 176;
14348 21381625 850;
15198 21385556 174;
15372 21385731 852;
16224 21393772 172;
16396 21393945 854;
17250 21400961 170;
17420 21401132 856;
18276 21405069 168;
18444 21405238 858;
19302 21416366 166;
19468 21416533 860;
20328 21427663 164;
20492 21427828 862;
21354 21435879 162;
21516 21436042 864;
22380 21445122 160;
22540 21445283 866;
23406 21456419 158;
23564 21456578 868;
24432 21465662 156;
24588 21465819 870;
25458 21473878 154;
25612 21474033 872;
26484 21482094 152;
26636 21482247 874;
27510 21500580 150;
27660 21500731 876;
28536 21512904 148;
28684 21513053 878;
29562 21529096 146;
29708 21529243 567;
30275 21532632 457;
30732 21533090 569;
31301 21536737 455;
31756 21537193 571;
32327 21542899 441;
32:
0 21262336 12;
12 21262349 1024;
1036 21263375 1009;
2045 21266946 6;
2051 21298261 9;
2060 21298271 929;
2989 21299714 6;
2995 21304423 89;
3084 21304513 937;
4021 21309558 87;
4108 21309646 939;
5047 21318801 85;
5132 21318887 941;
6073 21321882 83;
6156 21321966 943;
7099 21333179 81;
7180 21333261 945;
8125 21340368 79;
8204 21340448 947;
9151 21351665 77;
9228 21351743 949;
10177 21357827 75;
10252 21357903 951;
11203 21363989 73;
11276 21364063 673;
11949 21371178 351;
12300 21371530 675;
12975 21379394 349;
13324 21379744 677;
14001 21392745 347;
14348 21393093 679;
15027 21396853 345;
15372 21397199 305;
15677 21401988 719;
16396 21402708 307;
16703 21409177 717;
17420 21409895 309;
17729 21415339 715;
18444 21416055 311;
18755 21425609 713;
19468 21426323 313;
19781 21430792 711;
20492 21431504 267;
20759 21442041 757;
21516 21442799 269;
21785 21446149 755;
22540 21446905 271;
22811 21457446 753;
23564 21458200 273;
23837 21460527 751;
24588 21461279 275;
24863 21469770 749;
25612 21470520 277;
25889 21479013 747;
26636 21479761 279;
26915 21486202 745;
27660 21486948 281;
27941 21492364 743;
28684 21493108 283;
28967 21495445 363;
29330 21496328 144;
29474 21499553 234;
29708 21499788 792;
30500 21505715 232;
30732 21505948 794;
31526 21509823 230;
31756 21510054 796;
32552 21517012 216;
40:
0 21248000 12;
12 21248013 491;
503 21251582 512;
1015 21253118 21;
1036 21253141 1001;
2037 21256193 7;
2044 21315720 16;
2060 21315737 1010;
3070 21325990 14;
3084 21326005 1012;
4096 21330098 12;
4108 21330111 1014;
5122 21338314 10;
5132 21338325 1016;
6148 21343449 8;
6156 21343458 1018;
7174 21347557 6;
7180 21347564 1020;
8200 21361935 4;
8204 21361940 1022;
9226 21365250 2;
9228 21365253 3;
9231 21369124 1021;
10252 21370146 5;
10257 21374259 1019;
11276 21375279 7;
11283 21382475 1017;
12300 21383493 9;
12309 21389664 1015;
13324 21390680 11;
13335 21398907 1013;
14348 21399921 13;
14361 21411231 1011;
15372 21412243 15;
15387 21417393 1009;
16396 21418403 17;
16413 21423555 1007;
17420 21424563 19;
17439 21433825 1005;
18444 21434831 21;
18465 21441014 1003;
19468 21442018 23;
19491 21450257 1001;
20492 21451259 25;
20517 21461554 999;
21516 21462554 27;
21543 21467716 997;
22540 21468714 29;
22569 21472851 995;
23564 21473847 31;
23595 21476959 993;
24588 21477953 33;
24621 21483121 991;
25612 21484113 35;
25647 21493391 989;
26636 21494381 37;
26673 21498526 987;
27660 21499514 39;
27699 21504688 985;
28684 21505674 41;
28725 21508796 983;
29708 21509780 43;
29751 21522387 981;
30732 21523369 45;
30777 21529090 6;
30783 21533659 973;
31756 21534633 53;
31809 21539818 959;
48:
0 21246968 12;
12 21246981 1019;
1031 21252094 5;
1036 21252101 1017;
2053 21262334 2;
2055 21299720 5;
2060 21299726 589;
2649 21302369 435;
3084 21302805 591;
3675 21308531 433;
4108 21308965 593;
4701 21320855 431;
5132 21321287 595;
5727 21329071 429;
6156 21329501 597;
6753 21335233 427;
7180 21335661 599;
7779 21341395 425;
8204 21341821 601;
8805 21348584 423;
9228 21349008 603;
9831 21365256 421;
10252 21365678 365;
10617 21368097 659;
11276 21368757 367;
11643 21383502 657;
12300 21384160 369;
12669 21398024 655;
13324 21398680 227;
13551 21406096 797;
14348 21406894 229;
14577 21418420 795;
15372 21419216 231;
15603 21421501 793;
16396 21422295 233;
16629 21434852 791;
17420 21435644 235;
17655 21443068 789;
18444 21443858 237;
18681 21449230 787;
19468 21450018 239;
19707 21454365 785;
20492 21455151 241;
20733 21463608 783;
21516 21464392 243;
21759 21477986 781;
22540 21478768 245;
22785 21488256 779;
23564 21489036 247;
23811 21496472 777;
24588 21497250 249;
24837 21507769 775;
25612 21508545 251;
25863 21515985 773;
26636 21516759 253;
26889 21523670 771;
27660 21524442 255;
27915 21537764 769;
28684 21538534 257;
28941 21544953 767;
29708 21545721 259;
29967 21549181 765;
30732 21549947 261;
30993 21552179 763;
31756 21552943 263;
32019 21559799 749;
56:
0 21258240 12;
12 21258253 1024;
1036 21259279 1009;
2045 21260296 15;
2060 21260312 995;
3055 21300315 29;
3084 21300345 997;
4081 21306477 27;
4108 21306505 999;
5107 21314693 25;
5132 21314719 1001;
6133 21319828 23;
6156 21319852 1003;
7159 21328044 21;
7180 21328066 1005;
8185 21332488 19;
8204 21332508 671;
8875 21342422 353;
9228 21342776 673;
9901 21344476 351;
10252 21344828 675;
10927 21356800 349;
11276 21357150 677;
11953 21359881 347;
12300 21360229 679;
12979 21370151 345;
13324 21370497 681;
14005 21376313 343;
14348 21376657 683;
15031 21387610 341;
15372 21387952 685;
16057 21399934 339;
16396 21400274 687;
17083 21407123 337;
17420 21407461 689;
18109 21412258 335;
18444 21412594 691;
19135 21420474 333;
19468 21420808 693;
20161 21432798 331;
20492 21433130 695;
21187 21439987 329;
21516 21440317 697;
22213 21447176 327;
22540 21447504 699;
23239 21452311 325;
23564 21452637 701;
24265 21458473 323;
24588 21458797 703;
25291 21468743 321;
25612 21469065 705;
26317 21475932 319;
26636 21476252 707;
27343 21480040 317;
27660 21480358 709;
28369 21487229 315;
28684 21487545 711;
29395 21494418 313;
29708 21494732 713;
30421 21503661 311;
30732 21503973 715;
31447 21511877 309;
31756 21512187 717;
32473 21518039 295;
33:
0 21332482 6;
6 21430786 6;
12 21496323 5;
17 21522147 240;
257 21523414 256;
513 21524697 512;
1025 21526236 11;
1036 21526249 1011;
2047 21530578 13;
2060 21530592 1013;
3073 21540845 11;
3084 21540857 1015;
4099 21543926 9;
4108 21543936 1017;
5125 21548154 7;
5132 21548162 1019;
6151 21557745 5;
6156 21557751 1021;
7177 21566470 3;
7180 21566474 1023;
8203 21572621 1;
8204 21572623 1024;
9228 21575702 1024;
10252 21576727 2;
10254 21583915 1022;
11276 21584938 4;
11280 21588023 1020;
12300 21589044 6;
12306 21599320 1018;
13324 21600339 8;
13332 21610617 1016;
14348 21611634 10;
14358 21622941 1014;
15372 21623956 12;
15384 21629103 1012;
16396 21630116 14;
16410 21640400 1010;
17420 21641411 16;
17436 21646562 1008;
18444 21647571 18;
18462 21650670 1006;
19468 21651677 20;
19488 21654778 1004;
20492 21655783 22;
20514 21658886 762;
21276 21666075 240;
21516 21666316 786;
22302 21673264 238;
22540 21673503 788;
23328 21682507 236;
23564 21682744 790;
24354 21690723 234;
24588 21690958 792;
25380 21697912 232;
25612 21698145 794;
26406 21703047 230;
26636 21703278 796;
27432 21707155 228;
27660 21707384 798;
28458 21717425 226;
28684 21717652 800;
29484 21721533 224;
29708 21721758 802;
30510 21730776 222;
30732 21730999 804;
31536 21741046 220;
31756 21741267 806;
32562 21748235 206;
57:
0 21463554 6;
6 21528287 6;
12 21528294 282;
294 21529810 742;
1036 21530554 24;
1060 21535713 1000;
2060 21536714 23;
2083 21547007 1001;
3084 21548009 25;
3109 21551104 999;
4108 21552104 27;
4135 21555694 997;
5132 21556692 29;
5161 21561864 995;
6156 21562860 20;
6176 21567553 1004;
7180 21568558 22;
7202 21576729 1002;
8204 21577732 24;
8228 21586996 1000;
9228 21587997 26;
9254 21593158 954;
10208 21594626 6;
10214 21601374 38;
10252 21601413 988;
11240 21605482 36;
11276 21605519 990;
12266 21611644 34;
12300 21611679 992;
13292 21618833 32;
13324 21618866 994;
14318 21621914 30;
14348 21621945 996;
15344 21628076 28;
15372 21628105 998;
16370 21632184 26;
16396 21632211 1000;
17396 21637319 24;
17420 21637344 1002;
18422 21647589 22;
18444 21647612 1004;
19448 21660940 20;
19468 21660961 1006;
20474 21664021 18;
20492 21664040 1008;
21500 21672237 16;
21516 21672254 1010;
22526 21679426 14;
22540 21679441 1012;
23552 21685588 12;
23564 21685601 1014;
24578 21693804 10;
24588 21693815 1016;
25604 21704074 8;
25612 21704083 1018;
26630 21709209 6;
26636 21709216 1020;
27656 21725704 4;
27660 21725709 959;
28619 21733857 65;
28684 21733923 961;
29645 21747208 63;
29708 21747272 963;
30671 21751316 61;
30732 21751378 965;
31697 21754397 59;
31756 21754457 967;
32723 21757478 45;
17:
0 21548034 12;
12 21548047 107;
119 21550208 896;
1015 21554158 21;
1036 21554181 1001;
2037 21560826 23;
2060 21560850 494;
2554 21565443 530;
3084 21565974 496;
3580 21569028 528;
4108 21569557 498;
4606 21573648 526;
5132 21574175 500;
5632 21577756 524;
6156 21578281 502;
6658 21581861 522;
7180 21582384 504;
7684 21589050 520;
8204 21589571 506;
8710 21594632 518;
9228 21595151 61;
9289 21600347 963;
10252 21601311 63;
10315 21612671 961;
11276 21613633 65;
11341 21616779 959;
12300 21617739 67;
12367 21624995 957;
13324 21625953 69;
13393 21634238 955;
14348 21635194 71;
14419 21641427 953;
15372 21642381 73;
15445 21648616 951;
16396 21649568 75;
16471 21652724 949;
17420 21653674 77;
17497 21657859 947;
18444 21658807 79;
18523 21667102 945;
19468 21668048 81;
19549 21670183 943;
20492 21671127 83;
20575 21674291 941;
21516 21675233 85;
21601 21684561 939;
22540 21685501 87;
22627 21688669 937;
23564 21689607 89;
23653 21694831 935;
24588 21695767 91;
24679 21699966 933;
25612 21700900 93;
25705 21708182 931;
26636 21709114 95;
26731 21713317 929;
27660 21714247 97;
27757 21719479 927;
28684 21720407 99;
28783 21728722 925;
29708 21729648 101;
29809 21732830 923;
30732 21733754 103;
30835 21738992 921;
31756 21739914 105;
31861 21745154 907;
41:
0 21241848 8;
8 21552131 4;
12 21552136 43;
55 21553206 64;
119 21553390 128;
247 21553646 256;
503 21555182 512;
1015 21556721 21;
1036 21556744 1001;
2037 21564416 23;
2060 21564440 1003;
3063 21571594 21;
3084 21571616 1005;
4089 21574675 19;
4108 21574695 1007;
5115 21582888 17;
5132 21582906 1009;
6141 21590077 15;
6156 21590093 1011;
7167 21598293 13;
7180 21598307 1013;
8193 21602401 11;
8204 21602413 1015;
9219 21607536 9;
9228 21607546 1017;
10245 21619860 7;
10252 21619868 1019;
11271 21627400 5;
11276 21627406 670;
11946 21630130 354;
12300 21630485 672;
12972 21635265 352;
13324 21635618 674;
13998 21642454 350;
14348 21642805 676;
15024 21651697 348;
15372 21652046 678;
16050 21656832 346;
16396 21657179 680;
17076 21660162 6;
17082 21665048 338;
17420 21665387 688;
18108 21671210 336;
18444 21671547 690;
19134 21678399 334;
19468 21678734 692;
20160 21687642 332;
20492 21687975 694;
21186 21691750 330;
21516 21692081 335;
21851 21695858 689;
22540 21696548 337;
22877 21698939 687;
23564 21699627 339;
23903 21706128 685;
24588 21706814 341;
24929 21714344 683;
25612 21715028 343;
25955 21718452 681;
26636 21719134 345;
26981 21724614 570;
27551 21726668 109;
27660 21726778 917;
28577 21731803 107;
28684 21731911 919;
29603 21736938 105;
29708 21737044 921;
30629 21743100 103;
30732 21743204 923;
31655 21746181 101;
31756 21746283 925;
32681 21752343 87;
25:
0 21553270 12;
12 21553283 107;
119 21553518 128;
247 21553902 256;
503 21562880 533;
1036 21563415 1001;
2037 21570567 23;
2060 21570591 1003;
3063 21578783 21;
3084 21578805 1005;
4089 21591104 19;
4108 21591124 1007;
5115 21595212 17;
5132 21595230 1009;
6141 21606509 15;
6156 21606525 1011;
7167 21613698 13;
7180 21613712 1013;
8193 21617806 11;
8204 21617818 1015;
9219 21620887 9;
9228 21620897 1017;
10245 21639373 7;
10252 21639381 1019;
11271 21645535 5;
11276 21645541 1021;
12297 21661967 3;
12300 21661971 1023;
13323 21668129 1;
13324 21668131 1024;
14348 21677372 1024;
15372 21678397 2;
15374 21681480 1022;
16396 21682503 4;
16400 21686615 1020;
17420 21687636 6;
17426 21696885 1018;
18444 21697904 8;
18452 21700993 1016;
19468 21702010 10;
19478 21712290 1014;
20492 21713305 12;
20504 21722560 1012;
21516 21723573 14;
21530 21729749 1010;
22540 21730760 16;
22556 21740019 1008;
23564 21741028 18;
23582 21749262 1006;
24588 21750269 20;
24608 21756451 1004;
25612 21757456 22;
25634 21759532 1002;
26636 21760535 24;
26660 21762613 1000;
27660 21763614 26;
27686 21765694 998;
28684 21766693 28;
28712 21768775 996;
29708 21769772 30;
29738 21771856 994;
30732 21772851 32;
30764 21773910 992;
31756 21774903 34;
31790 21776991 978;
9:
0 21237761 12;
12 21237774 1024;
1036 21238800 1008;
2044 21561858 6;
2050 21580834 10;
2060 21580845 1016;
3076 21584942 8;
3084 21584951 1018;
4102 21592131 6;
4108 21592138 1020;
5128 21596239 4;
5132 21596244 1022;
6154 21604455 2;
6156 21604458 1024;
7180 21608564 1024;
8204 21609589 1;
8205 21615752 1023;
9228 21616776 3;
9231 21626022 858;
10089 21627394 6;
10095 21631157 157;
10252 21631315 869;
11121 21638346 155;
11276 21638502 871;
12147 21644508 153;
12300 21644662 873;
13173 21649643 151;
13324 21649795 875;
14199 21660168 149;
14348 21660318 622;
14970 21662994 402;
15372 21663397 624;
15996 21676345 400;
16396 21676746 626;
17022 21683534 398;
17420 21683933 628;
18048 21692936 396;
18444 21693333 471;
18915 21702020 553;
19468 21702574 473;
19941 21711263 551;
20492 21711815 475;
20967 21715371 549;
21516 21715921 477;
21993 21720506 547;
22540 21721054 479;
23019 21725698 6;
23025 21735911 539;
23564 21736451 487;
24051 21742073 537;
24588 21742611 489;
25077 21750289 535;
25612 21750825 491;
26103 21755424 533;
26636 21755958 493;
27129 21761586 531;
27660 21762118 495;
28155 21763640 529;
28684 21764170 497;
29181 21766721 527;
29708 21767249 499;
30207 21770829 525;
30732 21771355 501;
31233 21772883 523;
31756 21773407 503;
32259 21775964 509;
49:
0 21567497 12;
12 21567510 43;
55 21568580 448;
503 21570055 512;
1015 21579810 21;
1036 21579833 1001;
2037 21585969 23;
2060 21585993 1003;
3063 21597266 21;
3084 21597288 1005;
4089 21603428 19;
4108 21603448 1007;
5115 21609590 17;
5132 21609608 1009;
6141 21614725 15;
6156 21614741 1011;
7167 21623968 13;
7180 21623982 1013;
8193 21633211 11;
8204 21633223 1015;
9219 21636292 9;
9228 21636302 1017;
10245 21643481 7;
10252 21643489 1019;
11271 21653751 5;
11276 21653757 1021;
12297 21655805 3;
12300 21655809 1023;
13323 21669156 1;
13324 21669158 1024;
14348 21675318 1024;
15372 21676343 2;
15374 21680453 1022;
16396 21681476 4;
16400 21689696 1020;
17420 21690717 6;
17426 21692930 6;
17432 21705101 1012;
18444 21706114 14;
18458 21710236 1010;
19468 21711247 16;
19484 21716398 1008;
20492 21717407 18;
20510 21723587 1006;
21516 21724594 20;
21536 21727695 1004;
22540 21728700 22;
22562 21734884 1002;
23564 21735887 24;
23588 21737965 1000;
24588 21738966 26;
24614 21744127 998;
25612 21745126 28;
25640 21753370 996;
26636 21754367 30;
26666 21758505 994;
27660 21759500 32;
27692 21760559 992;
28684 21761552 34;
28718 21764667 990;
29708 21765658 36;
29744 21767748 988;
30732 21768737 38;
30770 21769802 986;
31756 21770789 40;
31796 21774937 972;
2:
0 21778018 8;
8 21778034 4;
12 21778039 11;
23 21778066 32;
55 21778130 64;
119 21778370 128;
247 21778866 256;
503 21780306 512;
1015 21792250 21;
1036 21792273 1001;
2037 21806595 23;
2060 21806619 1003;
3063 21821964 21;
3084 21821986 1005;
4089 21836339 19;
4108 21836359 1007;
5115 21859960 17;
5132 21859978 1009;
6141 21878446 15;
6156 21878462 1011;
7167 21901040 13;
7180 21901054 1013;
8193 21910283 11;
8204 21910295 1015;
9219 21924661 9;
9228 21924671 1017;
10245 21941093 7;
10252 21941101 1019;
11271 21958552 5;
11276 21958558 1021;
12297 21978065 3;
12300 21978069 1023;
13323 21989362 1;
13324 21989364 1024;
14348 22005794 1024;
15372 22006819 2;
15374 22030442 1022;
16396 22031465 4;
16400 22044820 1020;
17420 22045841 6;
17426 22060225 1018;
18444 22061244 8;
18452 22071522 1016;
19468 22072539 10;
19478 22083846 1014;
20492 22084861 12;
20504 22103359 1012;
21516 22104372 14;
21530 22130061 1010;
22540 22131072 16;
22556 22144439 1008;
23564 22145448 18;
23582 22160871 1006;
24588 22161878 20;
24608 22176276 1004;
25612 22177281 22;
25634 22186546 1002;
26636 22187549 24;
26660 22202978 1000;
27660 22203979 26;
27686 22235842 998;
28684 22236841 28;
28712 22253301 996;
29708 22254298 30;
29738 22266652 994;
30732 22267647 32;
30764 22285138 992;
31756 22286131 34;
31790 22294381 978;
3:
0 21778026 8;
8 21778050 4;
12 21778055 11;
23 21778098 32;
55 21778194 64;
119 21778498 128;
247 21784698 256;
503 21789690 512;
1015 21797882 21;
1036 21797905 1001;
2037 21808646 23;
2060 21808670 1003;
3063 21818886 21;
3084 21818908 1005;
4089 21827099 19;
4108 21827119 1007;
5115 21848663 17;
5132 21848681 1009;
6141 21871257 15;
6156 21871273 1011;
7167 21890770 13;
7180 21890784 1013;
8193 21911310 11;
8204 21911322 1015;
9219 21920553 9;
9228 21920563 1017;
10245 21936985 7;
10252 21936993 1019;
11271 21947255 5;
11276 21947261 1021;
12297 21963687 3;
12300 21963691 1023;
13323 21981146 1;
13324 21981148 1024;
14348 21996551 1024;
15372 21997576 2;
15374 22019145 951;
16325 22026334 71;
16396 22026406 955;
17351 22057144 69;
17420 22057214 957;
18377 22075630 67;
18444 22075698 959;
19403 22100278 65;
19468 22100344 961;
20429 22122872 63;
20492 22122936 963;
21455 22140331 61;
21516 22140393 965;
22481 22151688 28;
22509 22151720 31;
22540 22151752 903;
23443 22169087 121;
23564 22169209 905;
24469 22188600 119;
24588 22188720 907;
25495 22201951 117;
25612 22202069 909;
26521 22225572 115;
26636 22225688 911;
27547 22251247 113;
27660 22251361 913;
28573 22259463 111;
28684 22259575 915;
29599 22281030 109;
29708 22281140 917;
30625 22292327 107;
30732 22292435 919;
31651 22303624 105;
31756 22303730 921;
32677 22309786 91;
19:
0 21778314 12;
12 21778327 43;
55 21778626 64;
119 21779298 128;
247 21779922 256;
503 21783802 512;
1015 21794298 21;
1036 21794321 1001;
2037 21805568 23;
2060 21805592 1003;
3063 21816832 21;
3084 21816854 1005;
4089 21839420 19;
4108 21839440 1007;
5115 21860987 17;
5132 21861005 1009;
6141 21879473 15;
6156 21879489 1011;
7167 21896932 13;
7180 21896946 1013;
8193 21909256 11;
8204 21909268 1015;
9219 21922607 9;
9228 21922617 1017;
10245 21945201 7;
10252 21945209 1019;
11271 21961633 5;
11276 21961639 1021;
12297 21980119 3;
12300 21980123 1023;
13323 21998605 1;
13324 21998607 1024;
14348 22007848 1024;
15372 22008873 2;
15374 22025307 1022;
16396 22026330 4;
16400 22034550 1020;
17420 22035571 6;
17426 22055090 1018;
18444 22056109 8;
18452 22074603 1016;
19468 22075620 10;
19478 22088981 1014;
20492 22089996 12;
20504 22109521 1012;
21516 22110534 14;
21530 22138277 1010;
22540 22139288 16;
22556 22150601 567;
23123 22156763 441;
23564 22157205 585;
24149 22177303 439;
24588 22177743 587;
25175 22189627 437;
25612 22190065 589;
26201 22204005 435;
26636 22204441 591;
27227 22217356 433;
27660 22217790 593;
28253 22230707 431;
28684 22231139 595;
29279 22246112 429;
29708 22246542 597;
30305 22265625 427;
30732 22266053 599;
31331 22280003 425;
31756 22280429 601;
32357 22282754 6;
32363 22301570 405;
10:
0 21778258 12;
12 21778271 43;
55 21778690 64;
119 21784570 128;
247 21787386 256;
503 21789178 512;
1015 21796858 21;
1036 21796881 1001;
2037 21804541 23;
2060 21804565 1003;
3063 21822991 21;
3084 21823013 475;
3559 21824008 10;
3569 21831204 539;
4108 21831744 487;
4595 21849690 537;
5132 21850228 489;
5621 21867149 535;
6156 21867685 491;
6647 21889743 533;
7180 21890277 493;
7673 21915418 531;
8204 21915950 495;
8699 21926715 529;
9228 21927245 497;
9725 21942120 527;
10252 21942648 499;
10751 21960606 525;
11276 21961132 501;
11777 21974984 523;
12300 21975508 503;
12803 21995524 521;
13324 21996046 505;
13829 22006821 519;
14348 22007341 507;
14855 22020616 517;
15372 22021134 65;
15437 22031469 959;
16396 22032429 67;
16463 22043793 957;
17420 22044751 69;
17489 22064333 955;
18444 22065289 71;
18515 22078711 953;
19468 22079665 73;
19541 22095143 951;
20492 22096095 75;
20567 22105413 949;
21516 22106363 77;
21593 22119791 947;
22540 22120739 79;
22619 22141358 945;
23564 22142304 81;
23645 22154709 943;
24588 22155653 83;
24671 22172168 941;
25612 22173110 85;
25697 22197843 939;
26636 22198783 87;
26723 22219410 937;
27660 22220348 89;
27749 22229680 935;
28684 22230616 91;
28775 22247139 933;
29708 22248073 93;
29801 22249986 6;
29807 22270760 925;
30732 22271686 101;
30833 22293354 923;
31756 22294278 103;
31859 22305678 909;
18:
0 21234178 12;
12 21234191 1024;
1036 21235217 1024;
2060 21236242 532;
2592 21236776 57;
2649 21236840 254;
2903 21237200 181;
3084 21237382 378;
3462 21825045 646;
4108 21825692 380;
4488 21838393 644;
5132 21839038 382;
5514 21856879 642;
6156 21857522 384;
6540 21869203 640;
7180 21869844 386;
7566 21893851 638;
8204 21894490 388;
8592 21902067 636;
9228 21902704 390;
9618 21913364 634;
10252 21913999 392;
10644 21932877 632;
11276 21933510 394;
11670 21950336 630;
12300 21950967 396;
12696 21964714 628;
13324 21965343 398;
13722 21988335 626;
14348 21988962 400;
14748 22010929 624;
15372 22011554 402;
15774 22029415 622;
16396 22030038 404;
16800 22046874 620;
17420 22047495 406;
17826 22059198 618;
18444 22059817 408;
18852 22081792 616;
19468 22082409 410;
19878 22101305 614;
20492 22101920 412;
20904 22115683 612;
21516 22116296 414;
21930 22126980 610;
22540 22127591 416;
22956 22136223 608;
23564 22136832 418;
23982 22153682 606;
24588 22154289 420;
25008 22164979 604;
25612 22165584 422;
26034 22179357 602;
26636 22179960 424;
27060 22194762 600;
27660 22195363 426;
28086 22212221 598;
28684 22212820 428;
29112 22227626 596;
29708 22228223 430;
30138 22238923 594;
30732 22239518 432;
31164 22256382 592;
31756 22256975 434;
32190 22277949 578;
26:
0 21778754 12;
12 21778767 43;
55 21779234 64;
119 21779554 128;
247 21787642 256;
503 21798906 512;
1015 21807622 21;
1036 21807645 1001;
2037 21824018 23;
2060 21824042 1003;
3063 21832231 21;
3084 21832253 1005;
4089 21841474 19;
4108 21841494 1007;
5115 21853798 17;
5132 21853816 1009;
6141 21874338 15;
6156 21874354 1011;
7167 21887689 13;
7180 21887703 1013;
8193 21907202 11;
8204 21907214 1015;
9219 21933904 9;
9228 21933914 1017;
10245 21948282 7;
10252 21948290 1019;
11271 21969849 5;
11276 21969855 1021;
12297 21985254 3;
12300 21985258 1023;
13323 22004767 1;
13324 22004769 1024;
14348 22024280 1024;
15372 22025305 2;
15374 22033523 1022;
16396 22034546 4;
16400 22048928 1020;
17420 22049949 6;
17426 22053378 6;
17432 22072549 1012;
18444 22073562 14;
18458 22094116 1010;
19468 22095127 16;
19484 22108494 1008;
20492 22109503 18;
20510 22128007 1006;
21516 22129014 20;
21536 22143412 1004;
22540 22144417 22;
22562 22161898 1002;
23564 22162901 24;
23588 22174222 1000;
24588 22175223 26;
24614 22184492 998;
25612 22185491 28;
25640 22208113 996;
26636 22209110 30;
26666 22226599 994;
27660 22227594 32;
27692 22239950 992;
28684 22240943 34;
28718 22255355 990;
29708 22256346 36;
29744 22264598 988;
30732 22265587 38;
30770 22284111 986;
31756 22285098 40;
31796 22298489 972;
27:
0 21778810 12;
12 21778823 43;
55 21779426 64;
119 21779794 128;
247 21787898 256;
503 21796346 512;
1015 21800442 21;
1036 21800465 1001;
2037 21809673 23;
2060 21809697 1003;
3063 21834285 21;
3084 21834307 1005;
4089 21851744 19;
4108 21851764 1007;
5115 21876392 17;
5132 21876410 1009;
6141 21885635 15;
6156 21885651 1011;
7167 21903094 13;
7180 21903108 1013;
8193 21914391 11;
8204 21914403 1015;
9219 21929796 9;
9228 21929806 1017;
10245 21946228 7;
10252 21946236 1019;
11271 21967795 5;
11276 21967801 1021;
12297 21983200 3;
12300 21983204 1023;
13323 22003740 1;
13324 22003742 1024;
14348 22014010 1024;
15372 22015035 2;
15374 22027361 1022;
16396 22028384 4;
16400 22041739 1020;
17420 22042760 6;
17426 22049955 1018;
18444 22050974 8;
18452 22068441 1016;
19468 22069458 10;
19478 22076657 1014;
20492 22077672 12;
20504 22087954 1012;
21516 22088967 14;
21530 22102332 1010;
22540 22103343 16;
22556 22116710 1008;
23564 22117719 18;
23582 22131088 1006;
24588 22132095 20;
24608 22155736 1004;
25612 22156741 22;
25634 22170114 1002;
26636 22171117 24;
26660 22181411 1000;
27660 22182412 26;
27686 22199897 998;
28684 22200896 28;
28712 22214275 996;
29708 22215272 30;
29738 22237896 994;
30732 22238891 32;
30764 22250220 992;
31756 22251213 34;
31790 22269733 978;
34:
0 21779146 12;
12 21779159 11;
23 21779202 32;
55 21779490 64;
119 21780178 128;
247 21784314 256;
503 21793786 512;
1015 21799418 21;
1036 21799441 1001;
2037 21835312 23;
2060 21835336 1003;
3063 21854825 21;
3084 21854847 1005;
4089 21875365 19;
4108 21875385 1007;
5115 21894878 17;
5132 21894896 1009;
6141 21904121 15;
6156 21904137 1011;
7167 21928769 13;
7180 21928783 1013;
8193 21951363 11;
8204 21951375 1015;
9219 21965741 9;
9228 21965751 1017;
10245 21982173 7;
10252 21982181 1019;
11271 21992443 5;
11276 21992449 1021;
12297 22011956 3;
12300 22011960 1023;
13323 22040712 1;
13324 22040714 1024;
14348 22056117 1024;
15372 22057142 2;
15374 22062279 1022;
16396 22063302 4;
16400 22077684 1020;
17420 22078705 6;
17426 22086927 1018;
18444 22087946 8;
18452 22098224 1016;
19468 22099241 10;
19478 22110548 1014;
20492 22111563 12;
20504 22125953 1012;
21516 22126966 14;
21530 22137250 1010;
22540 22138261 16;
22556 22152655 1008;
23564 22153664 18;
23582 22173195 1006;
24588 22174202 20;
24608 22191681 1004;
25612 22192686 22;
25634 22206059 1002;
26636 22207062 24;
26660 22220437 1000;
27660 22221438 26;
27686 22236869 998;
28684 22237868 28;
28712 22252274 996;
29708 22253271 30;
29738 22263571 994;
30732 22264566 32;
30764 22282057 183;
30947 22282760 324;
31271 22295408 485;
31756 22295894 541;
32297 22300543 471;
35:
0 21779122 12;
12 21779135 11;
23 21779170 32;
55 21781578 192;
247 21782778 256;
503 21785082 512;
1015 21790202 21;
1036 21790225 495;
1531 21801466 529;
2060 21801996 497;
2557 21820937 527;
3084 21821465 499;
3583 21847636 525;
4108 21848162 501;
4609 21863041 523;
5132 21863565 503;
5635 21877419 521;
6156 21877941 505;
6661 21897959 519;
7180 21898479 507;
7687 21916445 517;
8204 21916963 509;
8713 21935958 515;
9228 21936474 511;
9739 21953417 513;
10252 21953931 513;
10765 21966768 511;
11276 21967280 515;
11791 21979092 509;
12300 21979602 517;
12817 21991416 507;
13324 21991924 519;
13843 22012983 505;
14348 22013489 521;
14869 22022226 503;
15372 22022730 523;
15895 22037631 501;
16396 22038133 525;
16921 22058171 499;
17420 22058671 527;
17947 22067414 497;
18444 22067912 529;
18973 22091035 495;
19468 22091531 531;
19999 22106440 493;
20492 22106934 533;
21025 22123899 491;
21516 22124391 535;
22051 22135196 489;
22540 22135686 537;
23077 22162925 487;
23564 22163413 539;
24103 22185519 485;
24588 22186005 541;
25129 22200924 483;
25612 22201408 543;
26155 22216329 375;
26530 22217224 106;
26636 22217331 25;
26661 22221464 999;
27660 22222464 27;
27687 22231734 997;
28684 22232732 29;
28713 22244058 995;
29708 22245054 31;
29739 22258436 993;
30732 22259430 33;
30765 22273841 991;
31756 22274833 35;
31791 22288219 977;
43:
0 21779682 12;
12 21779695 43;
55 21780818 64;
119 21784954 128;
247 21787130 256;
503 21793274 512;
1015 21803517 21;
1036 21803540 1001;
2037 21815037 23;
2060 21815061 1003;
3063 21829153 21;
3084 21829175 1005;
4089 21845582 19;
4108 21845602 1007;
5115 21858933 17;
5132 21858951 1009;
6141 21873311 15;
6156 21873327 1011;
7167 21884608 13;
7180 21884622 1013;
8193 21906175 11;
8204 21906187 1015;
9219 21931850 9;
9228 21931860 1017;
10245 21939039 7;
10252 21939047 1019;
11271 21955471 5;
11276 21955477 1021;
12297 21972930 3;
12300 21972934 1023;
13323 21987308 1;
13324 21987310 18;
13342 21987848 65;
13407 21987920 415;
13822 21990389 526;
14348 21990916 500;
14848 22008875 524;
15372 22009400 502;
15874 22018118 522;
16396 22018641 504;
16900 22020610 6;
16906 22036604 514;
17420 22037119 512;
17932 22050982 512;
18444 22051495 514;
18958 22073576 510;
19468 22074087 516;
19984 22096170 508;
20492 22096679 518;
21010 22111575 506;
21516 22112082 520;
22036 22121845 504;
22540 22122350 522;
23062 22142385 502;
23564 22142888 524;
24088 22157790 500;
24588 22158291 526;
25114 22182438 498;
25612 22182937 528;
26140 22195789 496;
26636 22196286 530;
27166 22209140 494;
27660 22209635 532;
28192 22217218 6;
28198 22233788 486;
28684 22234275 540;
29224 22242004 484;
29708 22242489 542;
30250 22257409 482;
30732 22257892 544;
31276 22278976 480;
31756 22279457 546;
32302 22291300 466;
42:
0 21779738 12;
12 21779751 43;
55 21780882 64;
119 21781002 128;
247 21781194 256;
503 21781770 512;
1015 21788154 21;
1036 21788177 1001;
2037 21810948 23;
2060 21810972 1003;
3063 21828126 21;
3084 21828148 1005;
4089 21840447 19;
4108 21840467 1007;
5115 21857906 17;
5132 21857924 1009;
6141 21868176 15;
6156 21868192 1011;
7167 21881527 13;
7180 21881541 1013;
8193 21891797 11;
8204 21891809 1015;
9219 21908229 9;
9228 21908239 1017;
10245 21923634 7;
10252 21923642 1019;
11271 21938012 5;
11276 21938018 1021;
12297 21956498 3;
12300 21956502 1023;
13323 21976011 1;
13324 21976013 1024;
14348 21999632 1024;
15372 22000657 2;
15374 22016064 1022;
16396 22017087 4;
16400 22042766 1020;
17420 22043787 6;
17426 22065360 1018;
18444 22066379 8;
18452 22080765 1016;
19468 22081782 10;
19478 22086152 775;
20253 22104386 239;
20492 22104626 787;
21279 22120818 237;
21516 22121056 789;
22305 22134169 235;
22540 22134405 791;
23331 22148547 233;
23564 22148781 793;
24357 22167033 231;
24588 22167265 795;
25383 22183465 229;
25612 22183695 241;
25853 22184456 36;
25889 22187573 747;
26636 22188321 279;
26915 22205032 745;
27660 22205778 281;
27941 22215302 743;
28684 22216046 283;
28967 22240977 741;
29708 22241719 285;
29993 22260490 739;
30732 22261230 287;
31019 22271787 737;
31756 22272525 289;
32045 22286165 723;
50:
0 21780946 12;
12 21780959 43;
55 21781130 64;
119 21781450 128;
247 21782282 256;
503 21786618 512;
1015 21795322 21;
1036 21795345 1001;
2037 21813258 23;
2060 21813282 1003;
3063 21826072 21;
3084 21826094 1005;
4089 21844555 19;
4108 21844575 1007;
5115 21850717 17;
5132 21850735 1009;
6141 21856770 6;
6147 21870230 9;
6156 21870240 1017;
7173 21882554 7;
7180 21882562 1019;
8199 21892824 5;
8204 21892830 1021;
9225 21921580 3;
9228 21921584 208;
9436 21922312 295;
9731 21925688 521;
10252 21926210 505;
10757 21940066 519;
11276 21940586 507;
11783 21959579 517;
12300 21960097 509;
12809 21970876 515;
13324 21971392 511;
13835 21984227 513;
14348 21984741 513;
14861 22002713 511;
15372 22003225 515;
15887 22023253 509;
16396 22023763 517;
16913 22032496 507;
17420 22033004 519;
17939 22054063 505;
18444 22054569 521;
18965 22070495 503;
19468 22070999 523;
19991 22093089 501;
20492 22093591 525;
21017 22112602 499;
21516 22113102 527;
22043 22129034 497;
22540 22129532 529;
23069 22149574 495;
23564 22150070 531;
24095 22175249 493;
24588 22175743 533;
25121 22190654 491;
25612 22191146 535;
26147 22211194 489;
26636 22211684 537;
27173 22223518 487;
27660 22224006 539;
28199 22243031 485;
28684 22243517 541;
29225 22261517 483;
29708 22262001 543;
30251 22272814 481;
30732 22273296 545;
31277 22287192 479;
31756 22287672 547;
32303 22299516 465;
58:
0 21782594 12;
12 21782607 107;
119 21783162 128;
247 21783546 256;
503 21786106 512;
1015 21791240 21;
1036 21791263 987;
2023 21811975 37;
2060 21812013 989;
3049 21824002 6;
3055 21833258 29;
3084 21833288 997;
4081 21846609 27;
4108 21846637 999;
5107 21865095 25;
5132 21865121 1001;
6133 21886662 23;
6156 21886686 1003;
7159 21900013 21;
7180 21900035 1005;
8185 21912337 19;
8204 21912357 1007;
9211 21927742 17;
9228 21927760 1009;
10237 21949309 15;
10252 21949325 1011;
11263 21968822 13;
11276 21968836 1013;
12289 21986281 11;
12300 21986293 1015;
13315 22000659 9;
13324 22000669 1017;
14341 22015037 7;
14348 22015045 1019;
15367 22038658 5;
15372 22038664 1021;
16393 22045847 3;
16396 22045851 1023;
17419 22066387 1;
17420 22066389 1024;
18444 22099251 1024;
19468 22100276 2;
19470 22113629 1022;
20492 22114652 4;
20496 22139304 1020;
21516 22140325 6;
21522 22147520 1018;
22540 22148539 8;
22548 22159844 1016;
23564 22160861 10;
23574 22171141 1014;
24588 22172156 12;
24600 22196816 1012;
25612 22197829 14;
25626 22210167 1010;
26636 22211178 16;
26652 22224545 1008;
27660 22225554 18;
27678 22245085 1006;
28684 22246092 20;
28704 22268706 1004;
29708 22269711 22;
29730 22274868 1002;
30732 22275871 24;
30756 22289246 1000;
31756 22290247 26;
31782 22304651 986;
59:
0 21782538 12;
12 21782551 43;
55 21782714 64;
119 21783034 128;
247 21783290 256;
503 21785594 512;
1015 21802493 21;
1036 21802516 1001;
2037 21817859 23;
2060 21817883 1003;
3063 21837366 21;
3084 21837388 1005;
4089 21852771 19;
4108 21852791 1007;
5115 21864068 17;
5132 21864086 1009;
6141 21883581 15;
6156 21883597 1011;
7167 21895905 13;
7180 21895919 1013;
8193 21918499 11;
8204 21918511 1015;
9219 21944174 9;
9228 21944184 1017;
10245 21957525 7;
10252 21957533 1019;
11271 21973957 5;
11276 21973963 1021;
12297 21997578 3;
12300 21997582 1023;
13323 22009902 1;
13324 22009904 1024;
14348 22028388 1024;
15372 22029413 2;
15374 22047901 1022;
16396 22048924 4;
16400 22061252 1020;
17420 22062273 6;
17426 22084873 759;
18185 22092062 259;
18444 22092322 767;
19211 22117737 257;
19468 22117995 405;
19873 22118914 6;
19879 22133142 613;
20492 22133756 413;
20905 22163952 611;
21516 22164564 415;
21931 22168060 609;
22540 22168670 417;
22957 22178330 607;
23564 22178938 419;
23983 22207086 605;
24588 22207692 421;
25009 22222491 603;
25612 22223095 423;
26035 22232761 601;
26636 22233363 425;
27061 22248166 599;
27660 22248766 427;
28087 22275895 597;
28684 22276493 429;
29113 22290273 595;
29708 22290869 431;
30139 22302597 593;
30732 22303191 433;
31165 22310813 591;
31756 22311405 1012;
11:
0 21810700 12;
12 21810713 235;
247 21813002 256;
503 21814285 512;
1015 21819913 21;
1036 21819936 1001;
2037 21842501 23;
2060 21842525 1003;
3063 21855852 21;
3084 21855874 382;
3466 21856776 103;
3569 21866122 539;
4108 21866662 487;
4595 21880500 537;
5132 21881038 489;
5621 21898986 535;
6156 21899522 491;
6647 21917472 533;
7180 21918006 493;
7673 21934931 531;
8204 21935463 495;
8699 21952390 529;
9228 21952920 497;
9725 21971903 527;
10252 21972431 499;
10751 21993470 525;
11276 21993996 501;
11777 22001686 523;
12300 22002210 503;
12803 22021199 521;
13324 22021721 505;
13829 22035577 519;
14348 22036097 507;
14855 22052009 517;
15372 22052527 337;
15709 22063306 687;
16396 22063994 339;
16735 22079738 685;
17420 22080424 341;
17761 22090008 683;
18444 22090692 343;
18787 22107467 681;
19468 22108149 345;
19813 22118920 679;
20492 22119600 191;
20683 22132115 833;
21516 22132949 193;
21709 22146493 831;
22540 22147325 195;
22735 22166006 829;
23564 22166836 197;
23761 22192708 827;
24588 22193536 199;
24787 22198870 825;
25612 22199696 201;
25813 22218383 823;
26636 22219207 203;
26839 22234815 821;
27660 22235637 205;
27865 22254328 819;
28684 22255148 207;
28891 22267679 817;
29708 22268497 209;
29917 22283084 815;
30732 22283900 211;
30943 22297462 813;
31756 22298276 213;
31969 22307732 799;
51:
0 21791234 6;
6 21814797 6;
12 21814804 233;
245 21816064 768;
1013 21830180 23;
1036 21830205 999;
2035 21843528 25;
2060 21843554 1001;
3061 21862014 23;
3084 21862038 1003;
4087 21872284 21;
4108 21872306 1005;
5113 21888716 19;
5132 21888736 288;
5420 21889544 199;
5619 21905148 537;
6156 21905686 489;
6645 21919526 535;
7180 21920062 491;
7671 21930823 533;
8204 21931357 493;
8697 21943147 531;
9228 21943679 495;
9723 21954444 116;
9839 21955080 391;
10230 21962660 22;
10252 21962683 1004;
11256 21977038 20;
11276 21977059 1006;
12282 21994497 18;
12300 21994516 1008;
13308 22017091 16;
13324 22017108 1010;
14334 22039685 14;
14348 22039700 1012;
15360 22053384 12;
15372 22053397 666;
16038 22069468 358;
16396 22069827 668;
17064 22082819 356;
17420 22083176 670;
18090 22097197 354;
18444 22097552 672;
19116 22114656 352;
19468 22115009 674;
20142 22124926 350;
20492 22125277 676;
21168 22145466 348;
21516 22145815 678;
22194 22158817 346;
22540 22159164 680;
23220 22180384 344;
23564 22180729 682;
24246 22193735 342;
24588 22194078 684;
25272 22213248 340;
25612 22213589 686;
26298 22228653 338;
26636 22228992 688;
27324 22249193 279;
27603 22249992 57;
27660 22250050 170;
27830 22262544 854;
28684 22263399 172;
28856 22276922 852;
29708 22277775 174;
29882 22296435 850;
30732 22297286 176;
30908 22306705 848;
31756 22307554 178;
31934 22308759 834;
4:
0 21955074 6;
6 22086146 6;
12 22312980 47;
59 22313123 64;
123 22313571 128;
251 22314339 256;
507 22315522 6;
513 22316387 512;
1025 22318435 11;
1036 22318448 1011;
2047 22321507 13;
2060 22321521 1013;
3073 22326642 11;
3084 22326654 1015;
4099 22330750 9;
4108 22330760 1017;
5125 22334858 7;
5132 22334866 1019;
6151 22338966 5;
6156 22338972 1021;
7177 22344101 3;
7180 22344105 1023;
8203 22347182 1;
8204 22347184 592;
8796 22350263 432;
9228 22350696 594;
9822 22356425 430;
10252 22356856 596;
10848 22359506 428;
11276 22359935 598;
11874 22362587 426;
12300 22363014 600;
12900 22366695 424;
13324 22367120 602;
13926 22371830 422;
14348 22372253 604;
14952 22375938 420;
15372 22376359 606;
15978 22380046 418;
16396 22380465 79;
16475 22381064 9;
16484 22383127 936;
17420 22384064 90;
17510 22389289 934;
18444 22390224 92;
18536 22392370 932;
19468 22393303 94;
19562 22397505 930;
20492 22398436 96;
20588 22401613 928;
21516 22402542 98;
21614 22404694 926;
22540 22405621 100;
22640 22407775 924;
23564 22408700 102;
23666 22411883 922;
24588 22412806 104;
24692 22413826 6;
24698 22420099 914;
25612 22421014 112;
25724 22425234 912;
26636 22426147 114;
26750 22428315 910;
27660 22429226 116;
27776 22430369 908;
28684 22431278 118;
28802 22435504 906;
29708 22436411 120;
29828 22439612 904;
30732 22440517 122;
30854 22442693 902;
31756 22443596 124;
31880 22444747 888;
5:
0 21889538 6;
6 22313075 6;
12 22313082 41;
53 22313251 64;
117 22313699 128;
245 22316131 256;
501 22317923 512;
1013 22320483 23;
1036 22320508 999;
2035 22324588 25;
2060 22324614 1001;
3061 22328696 23;
3084 22328720 1003;
4087 22332804 21;
4108 22332826 1024;
5132 22333851 1007;
6139 22337939 17;
6156 22337957 1009;
7165 22343074 15;
7180 22343090 1011;
8191 22348296 13;
8204 22348310 926;
9130 22351290 98;
9228 22351389 928;
10156 22353344 96;
10252 22353441 930;
11182 22357452 94;
11276 22357547 932;
12208 22361560 92;
12300 22361653 934;
13234 22363614 90;
13324 22363705 936;
14260 22367722 88;
14348 22367811 938;
15286 22370803 86;
15372 22370890 940;
16312 22376965 84;
16396 22377050 942;
17338 22381073 82;
17420 22381156 944;
18364 22385181 80;
18444 22385262 946;
19390 22388262 78;
19468 22388341 948;
20416 22391343 76;
20492 22391420 950;
21442 22395451 74;
21516 22395526 952;
22468 22399559 72;
22540 22399632 954;
23494 22402640 70;
23564 22402711 956;
24520 22408802 68;
24588 22408871 958;
25546 22412910 66;
25612 22412977 335;
25947 22413832 105;
26052 22414964 584;
26636 22415549 442;
27078 22417018 582;
27660 22417601 444;
28104 22422153 580;
28684 22422734 446;
29130 22424207 578;
29708 22424786 448;
30156 22429342 576;
30732 22429919 450;
31182 22434477 574;
31756 22435052 452;
32208 22438585 560;
7:
0 21922306 6;
6 22184450 6;
12 22313028 47;
59 22313187 64;
123 22313443 128;
251 22314083 256;
507 22314595 413;
920 22316899 116;
1036 22317017 906;
1942 22322534 118;
2060 22322653 908;
2968 22325615 116;
3084 22325732 910;
3994 22329723 114;
4108 22329838 912;
5020 22335885 112;
5132 22335998 914;
6046 22341020 110;
6156 22341131 916;
7072 22345128 108;
7180 22345237 918;
8098 22348290 6;
8104 22352317 100;
8204 22352418 926;
9130 22354371 98;
9228 22354470 928;
10156 22360533 96;
10252 22360630 930;
11182 22364641 94;
11276 22364736 932;
12208 22368749 92;
12300 22368842 934;
13234 22373884 90;
13324 22373975 936;
14260 22379019 88;
14348 22379108 938;
15286 22384154 86;
15372 22384241 940;
16312 22387235 84;
16396 22387320 942;
17338 22394424 82;
17420 22394507 944;
18364 22398532 80;
18444 22398613 946;
19390 22403667 78;
19468 22403746 948;
20416 22406748 76;
20492 22406825 950;
21442 22410856 74;
21516 22410931 952;
22468 22413937 72;
22540 22414010 954;
23494 22418045 70;
23564 22418116 956;
24520 22421126 68;
24588 22421195 958;
25546 22426261 66;
25612 22426328 960;
26572 22431396 64;
26636 22431461 962;
27598 22433450 62;
27660 22433513 964;
28624 22436531 60;
28684 22436592 966;
29650 22440639 58;
29708 22440698 968;
30676 22443720 56;
30732 22443777 970;
31702 22445774 54;
31756 22445829 251;
32007 22446600 761;
6:
0 21237162 2;
2 21237170 6;
8 21237178 4;
12 21237183 1;
13 21237199 1;
14 22312867 112;
126 22313315 128;
254 22313827 256;
510 22315528 526;
1036 22316056 75;
1111 22319459 949;
2060 22320409 74;
2134 22323561 950;
3084 22324512 76;
3160 22327669 948;
4108 22328618 78;
4186 22331777 946;
5132 22332724 80;
5212 22336912 944;
6156 22337857 82;
6238 22339993 942;
7180 22340936 84;
7264 22342047 940;
8204 22342988 86;
8290 22346155 938;
9228 22347094 88;
9316 22349236 936;
10252 22350173 90;
10342 22355398 934;
11276 22356333 92;
11368 22358479 932;
12300 22359412 94;
12394 22365668 930;
13324 22366599 96;
13420 22369776 928;
14348 22370705 98;
14446 22372857 926;
15372 22373784 100;
15472 22374911 924;
16396 22375836 102;
16498 22377992 922;
17420 22378915 104;
17524 22382100 920;
18444 22383021 106;
18550 22386208 918;
19468 22387127 108;
19576 22390316 916;
20492 22391233 110;
20602 22393397 914;
21516 22394312 112;
21628 22396478 912;
22540 22397391 114;
22654 22400586 910;
23564 22401497 116;
23680 22405721 908;
24588 22406630 118;
24706 22409829 906;
25612 22410736 120;
25732 22415991 904;
26636 22416896 122;
26758 22419072 902;
27660 22419975 124;
27784 22423180 900;
28684 22424081 126;
28810 22427288 898;
29708 22428187 128;
29836 22432423 896;
30732 22433320 130;
30862 22437558 894;
31756 22438453 132;
31888 22441666 880;
15:
0 213790720 12;
12 213790733 1024;
1036 213791759 1001;
2037 213794808 23;
2060 213794832 1003;
3063 213796862 21;
3084 213796884 1005;
4089 213798916 19;
4108 213798936 1024;
5132 213799961 1009;
6141 213801997 15;
6156 213802013 1011;
7167 213804051 13;
7180 213804065 1013;
8193 213806105 11;
8204 213806117 1024;
9228 213807142 1017;
10245 213810213 7;
10252 213810221 979;
11231 213811720 45;
11276 213811766 501;
11777 213813294 523;
12300 213813818 503;
12803 213816375 521;
13324 213816897 505;
13829 213818429 519;
14348 213818949 507;
14855 213820483 517;
15372 213821001 509;
15881 213822537 515;
16396 213823053 511;
16907 213824591 513;
17420 213825105 513;
17933 214261902 511;
18444 214262414 515;
18959 214292712 509;
19468 214293222 517;
19985 214320441 507;
20492 214320949 519;
21011 214342008 505;
21516 214342514 521;
22037 214382061 503;
22540 214382565 523;
23063 214407736 501;
23564 214408238 525;
24089 214441627 499;
24588 214442127 527;
25115 214471410 497;
25612 214471908 529;
26141 214511463 495;
26636 214511959 531;
27167 214538165 493;
27660 214538659 533;
28193 214559732 491;
28684 214560224 535;
29219 214582326 489;
29708 214582816 537;
30245 214598146 6;
30251 214610055 481;
30732 214610537 545;
31277 214629568 479;
31756 214630048 352;
32108 214652162 660;
14:
0 213792768 12;
12 213792781 1024;
1036 213793807 1001;
2037 213795835 23;
2060 213795859 1003;
3063 213797889 21;
3084 213797911 1005;
4089 213800970 19;
4108 213800990 1007;
5115 213803024 17;
5132 213803042 1009;
6141 213805078 15;
6156 213805094 1011;
7167 213808159 13;
7180 213808173 1024;
8204 213809198 1015;
9219 213812267 9;
9228 213812277 1017;
10245 213814321 7;
10252 213814329 1024;
11276 213815354 1021;
12297 213817402 3;
12300 213817406 1023;
13323 213819456 1;
13324 213819458 1024;
14348 213821510 1024;
15372 213822535 2;
15374 213823564 1022;
16396 213824587 4;
16400 213825618 1020;
17420 213826639 945;
18365 214277307 79;
18444 214277387 947;
19391 214307090 77;
19468 214307168 949;
20417 214334819 75;
20492 214334895 593;
21085 214354332 431;
21516 214354764 595;
22111 214368776 429;
22540 214369206 531;
23071 214403628 493;
23564 214404122 533;
24097 214438546 491;
24588 214439038 535;
25123 214453951 489;
25612 214454441 537;
26149 214473464 487;
26636 214473952 539;
27175 214520706 485;
27660 214521192 541;
28201 214560759 483;
28684 214561243 543;
29227 214592596 481;
29708 214593078 545;
30253 214626487 479;
30732 214626967 547;
31279 214654216 477;
31756 214654694 549;
32305 214663682 6;
32311 214679891 457;
20:
0 213827584 12;
12 213827597 1024;
1036 213828623 1024;
2060 213829648 1024;
3084 213830673 1024;
4108 213831698 1024;
5132 213832723 1024;
6156 213833748 1024;
7180 213834773 1024;
8204 213835798 1024;
9228 213836823 1024;
10252 213837848 1024;
11276 213838873 999;
12275 213844482 6;
12281 213851155 19;
12300 213851175 1007;
13307 213854236 17;
13324 213854254 1009;
14333 213884992 15;
14348 213885008 1024;
15372 213886033 943;
16315 213924931 81;
16396 213925013 875;
17271 213998671 149;
17420 213998821 795;
18215 214245470 229;
18444 214245700 797;
19241 214266010 227;
19468 214266238 799;
20267 214290658 225;
20492 214290884 801;
21293 214325576 223;
21516 214325800 803;
22319 214351251 221;
22540 214351473 805;
23345 214374872 219;
23564 214375092 807;
24371 214399520 217;
24588 214399738 809;
25397 214428276 215;
25612 214428492 811;
26423 214448816 213;
26636 214449030 813;
27449 214478599 211;
27660 214478811 815;
28475 214512490 209;
28684 214512700 817;
29501 214541246 207;
29708 214541454 819;
30527 214565894 205;
30732 214566100 821;
31553 214598152 203;
31756 214598356 402;
32158 214609028 610;
23:
0 213839872 12;
12 213839885 1024;
1036 213840911 1024;
2060 213841936 1024;
3084 213842961 1007;
4091 213844488 17;
4108 213844506 1024;
5132 213845531 1024;
6156 213846556 1024;
7180 213847581 1024;
8204 213848606 1024;
9228 213849631 1024;
10252 213850656 499;
10751 213852182 525;
11276 213852708 1024;
12300 213853733 503;
12803 213855263 521;
13324 213855785 471;
13795 213917742 553;
14348 213918296 473;
14821 213921850 551;
15372 213922402 475;
15847 213994563 549;
16396 213995113 477;
16873 214177868 547;
17420 214178416 479;
17899 214250605 545;
18444 214251151 481;
18925 214283469 543;
19468 214284013 483;
19951 214304009 541;
20492 214304551 485;
20977 214347143 539;
21516 214347683 487;
22003 214375899 537;
22540 214376437 489;
23029 214405682 535;
23564 214406218 491;
24055 214432384 533;
24588 214432918 493;
25081 214464221 531;
25612 214464753 495;
26107 214482707 529;
26636 214483237 497;
27133 214517625 527;
27660 214518153 499;
28159 214552543 525;
28684 214553069 501;
29185 214571029 523;
29708 214571553 503;
30211 214602866 521;
30732 214603388 505;
31237 214628541 519;
31756 214629061 507;
32263 214659351 505;
30:
0 213856256 12;
12 213856269 1024;
1036 213857295 1009;
2045 213861371 15;
2060 213861387 1024;
3084 213862412 1013;
4097 213864452 11;
4108 213864464 1024;
5132 213865489 1017;
6149 213867533 7;
6156 213867541 1019;
7175 213869587 5;
7180 213869593 1021;
8201 213871641 3;
8204 213871645 1023;
9227 213873695 1;
9228 213873697 1024;
10252 213875749 987;
11239 213877250 6;
11245 213878830 31;
11276 213878862 995;
12271 213880884 29;
12300 213880914 997;
13297 213882938 27;
13324 213882966 999;
14323 213920823 25;
14348 213920849 1001;
15349 213992509 23;
15372 213992533 1003;
16375 214139394 6;
16381 214173760 15;
16396 214173776 1011;
17407 214243416 13;
17420 214243430 1013;
18433 214273199 11;
18444 214273211 1015;
19459 214298874 9;
19468 214298884 1017;
20485 214330711 7;
20492 214330719 1019;
21511 214352278 5;
21516 214352284 1021;
22537 214381034 3;
22540 214381038 1023;
23563 214421087 1;
23564 214421089 1024;
24588 214454978 1024;
25612 214456003 2;
25614 214472437 1022;
26636 214473460 4;
26640 214508382 1020;
27660 214509403 6;
27666 214540219 1018;
28684 214541238 8;
28692 214575137 1016;
29708 214576154 10;
29718 214598758 1014;
30732 214599773 12;
30744 214618271 1012;
31756 214619284 14;
31770 214648054 998;
29:
0 213858304 12;
12 213858317 1024;
1036 213859343 1024;
2060 213860368 1003;
3063 213863425 21;
3084 213863447 1005;
4089 213866506 19;
4108 213866526 1007;
5115 213868560 17;
5132 213868578 1009;
6141 213870614 15;
6156 213870630 1011;
7167 213872668 13;
7180 213872682 1013;
8193 213874722 11;
8204 213874734 1015;
9219 213877256 9;
9228 213877266 1024;
10252 213878291 539;
10791 213879857 485;
11276 213880343 541;
11817 213881911 483;
12300 213882395 543;
12843 213883965 481;
13324 213884447 545;
13869 213916715 479;
14348 213917195 547;
14895 213922877 477;
15372 213923355 549;
15921 213995590 475;
16396 213996066 551;
16947 214188138 473;
17420 214188612 553;
17973 214255740 471;
18444 214256212 555;
18999 214272172 469;
19468 214272642 557;
20025 214310171 467;
20492 214310639 559;
21051 214345089 465;
21516 214345555 561;
22077 214378980 463;
22540 214379444 563;
23103 214415952 461;
23564 214416414 565;
24129 214449843 459;
24588 214450303 567;
25155 214494004 457;
25612 214494462 569;
26181 214519679 455;
26636 214520135 571;
27207 214535084 453;
27660 214535538 573;
28233 214563840 451;
28684 214564292 572;
29256 214581299 452;
29708 214581752 574;
30282 214611082 450;
30732 214611533 576;
31308 214635730 448;
31756 214636179 578;
32334 214651135 434;
39:
0 213886976 12;
12 213886989 1024;
1036 213888015 1024;
2060 213889040 1024;
3084 213890065 1024;
4108 213891090 1024;
5132 213892115 1024;
6156 213893140 1024;
7180 213894165 1024;
8204 213895190 1024;
9228 213896215 1001;
10229 213904391 23;
10252 213904415 1024;
11276 213905440 1005;
12281 213907472 19;
12300 213907492 1007;
13307 213910024 17;
13324 213910042 1024;
14348 213911067 513;
14861 213913634 511;
15372 213914146 515;
15887 213915688 509;
16396 213916198 517;
16913 213919796 507;
17420 213920304 519;
17939 213991482 505;
18444 213991988 521;
18965 214165544 503;
19468 214166048 523;
19991 214239308 501;
20492 214239810 525;
21017 214259848 499;
21516 214260348 527;
22043 214285523 497;
22540 214286021 529;
23069 214323522 495;
23564 214324018 531;
24095 214355359 493;
24588 214355853 533;
25121 214384115 491;
25612 214384607 535;
26147 214409790 489;
26636 214410280 537;
27173 214439573 487;
27660 214440061 539;
28199 214477572 485;
28684 214478058 541;
29225 214495031 483;
29708 214495515 543;
30251 214527895 481;
30732 214528377 545;
31277 214555624 479;
31756 214556104 547;
32303 214576164 465;
46:
0 213897216 12;
12 213897229 1024;
1036 213898255 1024;
2060 213899280 1024;
3084 213900305 1024;
4108 213901330 1024;
5132 213902355 1024;
6156 213903380 1011;
7167 213906445 13;
7180 213906459 1013;
8193 213908499 11;
8204 213908511 993;
9197 213910018 6;
9203 213911580 25;
9228 213911606 1024;
10252 213912631 1003;
11255 213914661 21;
11276 213914683 1005;
12281 213918769 19;
12300 213918789 1007;
13307 213923904 17;
13324 213923922 1009;
14333 213996617 15;
14348 213996633 1011;
15359 214176841 13;
15372 214176855 1013;
16385 214256767 11;
16396 214256779 1015;
17411 214296820 9;
17420 214296830 1017;
18437 214319414 7;
18444 214319422 1019;
19463 214353305 5;
19468 214353311 1021;
20489 214373845 3;
20492 214373849 1023;
21515 214398493 1;
21516 214398495 1024;
22540 214401538 6;
22546 214434438 1018;
23564 214435457 8;
23572 214458059 1016;
24588 214459076 10;
24598 214474491 1014;
25612 214475506 12;
25624 214506328 1012;
26636 214507341 14;
26650 214533030 1010;
27660 214534041 16;
27676 214567948 1008;
28684 214568957 18;
28702 214587461 1006;
29708 214588468 20;
29728 214608001 1004;
30732 214609006 22;
30754 214646000 1002;
31756 214647003 24;
31780 214663688 798;
32578 214677837 190;
47:
0 213925888 12;
12 213925901 1024;
1036 213926927 1009;
2045 213931003 15;
2060 213931019 1024;
3084 213932044 1013;
4097 213934084 11;
4108 213934096 1024;
5132 213935121 1017;
6149 213938192 7;
6156 213938200 1019;
7175 213940246 5;
7180 213940252 1021;
8201 213942792 3;
8204 213942796 531;
8735 213945381 493;
9228 213945875 533;
9761 213947435 491;
10252 213947927 489;
10741 213962780 535;
11276 213963316 491;
11767 213965861 533;
12300 213966395 453;
12753 213983266 571;
13324 213983838 455;
13779 213989428 569;
14348 213989998 457;
14805 213993536 567;
15372 213994104 459;
15831 214189165 565;
16396 214189731 349;
16745 214267037 675;
17420 214267713 351;
17771 214300928 673;
18444 214301602 353;
18797 214303234 6;
18803 214327630 665;
19468 214328296 361;
19829 214363575 663;
20492 214364239 363;
20855 214397466 661;
21516 214398128 365;
21881 214423141 659;
22540 214423801 367;
22907 214447789 657;
23564 214448447 369;
23933 214484761 655;
24588 214485417 371;
24959 214501193 653;
25612 214501847 373;
25985 214530976 651;
26636 214531628 375;
27011 214557678 649;
27660 214558328 377;
28037 214617244 647;
28684 214617892 379;
29063 214641892 645;
29708 214642538 381;
30089 214670648 643;
30732 214671292 383;
31115 214692215 641;
31756 214692857 385;
32141 214699404 627;
45:
0 213927936 12;
12 213927949 1024;
1036 213928975 1024;
2060 213930000 1003;
3063 213933057 21;
3084 213933079 1005;
4089 213936138 19;
4108 213936158 1024;
5132 213937183 1009;
6141 213939219 15;
6156 213939235 1011;
7167 213941273 13;
7180 213941287 985;
8165 213943327 39;
8204 213943367 1024;
9228 213944392 989;
10217 213946408 35;
10252 213946444 991;
11243 213964834 33;
11276 213964868 993;
12269 213985320 31;
12300 213985352 995;
13295 213987374 29;
13324 213987404 997;
14321 214169652 27;
14348 214169680 999;
15347 214185057 25;
15372 214185083 1001;
16373 214264983 23;
16396 214265007 1003;
17399 214293739 21;
17420 214293761 1005;
18425 214321468 19;
18444 214321488 1007;
19451 214346116 17;
19468 214346134 1009;
20477 214367683 15;
20492 214367699 557;
21049 214385142 467;
21516 214385610 559;
22075 214414925 465;
22540 214415391 561;
23101 214445735 463;
23564 214446199 563;
24127 214483734 461;
24588 214484196 565;
25153 214505301 459;
25612 214505761 567;
26179 214536111 457;
26636 214536569 569;
27205 214578218 455;
27660 214578674 571;
28231 214614163 453;
28684 214614617 573;
29257 214638811 451;
29708 214639263 575;
30283 214661405 449;
30732 214661855 577;
31309 214676810 447;
31756 214677258 579;
32335 214696456 433;
52:
0 213966848 12;
12 213966861 1024;
1036 213967887 1024;
2060 213968912 1024;
3084 213969937 1024;
4108 213970962 1024;
5132 213971987 1024;
6156 213973012 1024;
7180 213974037 1003;
8183 213975560 21;
8204 213975582 1024;
9228 213976607 1024;
10252 213977632 1024;
11276 213978657 1024;
12300 213979682 1024;
13324 213980707 1024;
14348 213981732 507;
14855 213986347 517;
15372 213986865 509;
15881 213990455 515;
16396 213990971 511;
16907 214164517 513;
17420 214165031 513;
17933 214180949 511;
18444 214181461 515;
18959 214258821 509;
19468 214259331 517;
19985 214282442 507;
20492 214282950 519;
21011 214309144 505;
21516 214309650 521;
22037 214337900 503;
22540 214338404 523;
23063 214361521 501;
23564 214362023 525;
24089 214388223 499;
24588 214388723 527;
25115 214418006 497;
25612 214418504 529;
26141 214468329 495;
26636 214468825 531;
27167 214496058 493;
27660 214496552 533;
28193 214529949 491;
28684 214530441 535;
29219 214566921 489;
29708 214567411 537;
30245 214586434 487;
30732 214586922 539;
31271 214605947 485;
31756 214606433 541;
32297 214615190 471;
37:
0 213948416 12;
12 213948429 1024;
1036 213949455 1024;
2060 213950480 1024;
3084 213951505 1024;
4108 213952530 1024;
5132 213953555 1024;
6156 213954580 1024;
7180 213955605 1024;
8204 213956630 1024;
9228 213957655 1024;
10252 213958680 1024;
11276 213959705 1024;
12300 213960730 1024;
13324 213961755 1024;
14348 213963807 1024;
15372 213964832 2;
15374 213975554 6;
15380 213982239 1016;
16396 213983256 10;
16406 213984293 1014;
17420 213985308 12;
17432 213988401 1012;
18444 213989414 14;
18458 213997644 1010;
19468 213998655 16;
19484 214244443 1008;
20492 214245452 18;
20510 214262929 1006;
21516 214263936 20;
21536 214288604 1004;
22540 214289609 22;
22562 214324549 1002;
23564 214325552 24;
23588 214359467 1000;
24588 214360468 26;
24614 214391304 998;
25612 214392303 28;
25640 214420060 996;
26636 214421057 30;
26666 214433411 381;
27047 214434312 126;
27173 214442654 487;
27660 214443142 539;
28199 214470383 485;
28684 214470869 541;
29225 214498112 483;
29708 214498596 543;
30251 214524814 481;
30732 214525296 545;
31277 214550489 479;
31756 214550969 547;
32303 214565378 6;
32309 214580272 459;
44:
0 213999616 12;
12 213999629 1024;
1036 214000655 1009;
2045 214006785 15;
2060 214006801 1007;
3067 214008322 6;
3073 214009866 11;
3084 214009878 1015;
4099 214012947 9;
4108 214012957 1024;
5132 214013982 1019;
6151 214017055 5;
6156 214017061 1024;
7180 214018086 1023;
8203 214020136 1;
8204 214020138 1024;
9228 214023217 975;
10203 214064177 49;
10252 214064227 977;
11229 214077456 47;
11276 214077504 979;
12255 214084645 45;
12300 214084691 981;
13281 214087726 43;
13324 214087770 983;
14307 214140986 41;
14348 214141028 985;
15333 214183003 39;
15372 214183043 987;
16359 214237698 6;
16365 214253686 31;
16396 214253718 995;
17391 214280388 29;
17420 214280418 997;
18417 214301955 27;
18444 214301983 737;
19181 214333792 287;
19468 214334080 739;
20207 214364602 285;
20492 214364888 741;
21233 214386169 283;
21516 214386453 743;
22259 214408763 281;
22540 214409045 745;
23285 214436492 279;
23564 214436772 747;
24311 214466275 277;
24588 214466553 7;
24595 214467080 222;
24817 214480653 795;
25612 214481449 231;
25843 214515571 793;
26636 214516365 233;
26869 214554597 791;
27660 214555389 235;
27895 214591569 789;
28684 214592359 237;
28921 214622379 787;
29708 214623167 239;
29947 214630914 6;
29953 214643946 779;
30732 214644726 247;
30979 214662432 736;
31715 214672702 41;
31756 214672744 985;
32741 214690161 27;
63:
0 214001664 12;
12 214001677 1024;
1036 214002703 1024;
2060 214003728 1024;
3084 214004753 1024;
4108 214005778 1007;
5115 214008328 17;
5132 214008346 1024;
6156 214009371 495;
6651 214010893 529;
7180 214011423 1024;
8204 214012448 499;
8703 214015001 525;
9228 214015527 1024;
10252 214016552 503;
10755 214019109 521;
11276 214019631 505;
11781 214021163 519;
12300 214021683 1024;
13324 214022708 509;
13833 214060069 515;
14348 214060585 511;
14859 214065204 513;
15372 214065718 513;
15885 214081564 511;
16396 214082076 515;
16911 214088753 509;
17420 214089263 465;
17885 214166571 559;
18444 214167131 467;
18911 214186084 557;
19468 214186642 469;
19937 214268064 555;
20492 214268620 471;
20963 214299901 553;
21516 214300455 473;
21989 214318387 551;
22540 214318939 475;
23015 214340981 549;
23564 214341531 477;
24041 214377953 547;
24588 214378501 479;
25067 214401574 545;
25612 214402120 481;
26093 214430330 543;
26636 214430874 483;
27119 214461140 541;
27660 214461682 485;
28145 214476545 539;
28684 214477085 487;
29171 214504274 537;
29708 214504812 489;
30197 214532003 93;
30290 214532616 414;
30704 214545354 28;
30732 214545383 998;
31730 214601839 26;
31756 214601866 1000;
32756 214624433 12;
60:
0 214024192 12;
12 214024205 1024;
1036 214025231 1024;
2060 214026256 1024;
3084 214027281 1024;
4108 214028306 1024;
5132 214029331 1024;
6156 214030356 1024;
7180 214031381 1003;
8183 214039559 21;
8204 214039581 995;
9199 214041090 6;
9205 214044664 23;
9228 214044688 1003;
10231 214047745 21;
10252 214047767 1005;
11257 214049799 19;
11276 214049819 1007;
12283 214052880 17;
12300 214052898 1009;
13309 214056988 15;
13324 214057004 1011;
14335 214061096 13;
14348 214061110 1013;
15361 214073858 6;
15367 214076429 5;
15372 214076435 1021;
16393 214082591 3;
16396 214082595 1023;
17419 214102038 1;
17420 214102040 1024;
18444 214167598 1024;
19468 214168623 2;
19470 214241362 1022;
20492 214242385 4;
20496 214274226 1020;
21516 214275247 6;
21522 214297847 1018;
22540 214298866 8;
22548 214332765 1016;
23564 214333782 10;
23574 214358440 1014;
24588 214359455 12;
24600 214387196 1012;
25612 214388209 14;
25626 214425195 1010;
26636 214426206 16;
26652 214456005 1008;
27660 214457014 18;
27678 214492977 1006;
28684 214493984 20;
28704 214525841 1004;
29708 214526846 22;
29730 214544327 1002;
30732 214545330 24;
30756 214574110 1000;
31756 214575111 26;
31782 214595677 986;
55:
0 214032384 12;
12 214032397 1024;
1036 214033423 1024;
2060 214034448 1024;
3084 214035473 1024;
4108 214036498 1024;
5132 214037523 1024;
6156 214038548 1011;
7167 214041096 13;
7180 214041110 1024;
8204 214042135 489;
8693 214046718 535;
9228 214047254 491;
9719 214051853 533;
10252 214052387 493;
10745 214054934 531;
11276 214055466 495;
11771 214058015 529;
12300 214058545 497;
12797 214062123 527;
13324 214062651 499;
13823 214066231 525;
14348 214066757 443;
14791 214078483 581;
15372 214079065 445;
15817 214085672 579;
16396 214086252 447;
16843 214103065 577;
17420 214103643 421;
17841 214187111 603;
18444 214187715 423;
18867 214270472 601;
19468 214271074 71;
19539 214294766 953;
20492 214295720 73;
20565 214316333 951;
21516 214317285 75;
21591 214338927 949;
22540 214339877 77;
22617 214365629 947;
23564 214366577 79;
23643 214394385 945;
24588 214395331 81;
24669 214416979 943;
25612 214417923 83;
25695 214444708 941;
26636 214445650 85;
26721 214475518 939;
27660 214476458 87;
27747 214499842 6;
27753 214523787 931;
28684 214524719 95;
28779 214556651 929;
29708 214557581 97;
29805 214584380 927;
30732 214585308 99;
30831 214619298 925;
31756 214620224 101;
31857 214649081 911;
13:
0 214067200 12;
12 214067213 1024;
1036 214068239 1024;
2060 214069264 1024;
3084 214070289 1024;
4108 214071314 1024;
5132 214072339 1005;
6137 214073864 19;
6156 214073884 1024;
7180 214074909 1024;
8204 214075934 495;
8699 214080537 529;
9228 214081067 497;
9725 214083618 527;
10252 214084146 499;
10751 214139959 525;
11276 214140485 501;
11777 214181976 523;
12300 214182500 503;
12803 214254713 521;
13324 214255235 505;
13829 214281415 519;
14348 214281935 507;
14855 214317360 517;
15372 214317878 509;
15881 214356386 515;
16396 214356902 511;
16907 214376926 513;
17420 214377440 513;
17933 214396439 511;
18444 214396951 515;
18959 214424168 509;
19468 214424678 517;
19985 214450870 507;
20492 214451378 519;
21011 214491950 505;
21516 214492456 521;
22037 214499139 189;
22226 214499848 314;
22540 214500163 3;
22543 214510436 1021;
23564 214511458 5;
23569 214528922 1019;
24588 214529942 7;
24595 214532610 6;
24601 214577191 1011;
25612 214578203 15;
25627 214596704 928;
26555 214632649 81;
26636 214632731 945;
27581 214658324 79;
27660 214658404 947;
28607 214671675 77;
28684 214671753 949;
29633 214688107 75;
29708 214688183 951;
30659 214705566 73;
30732 214705640 953;
31685 214713782 71;
31756 214713854 955;
32711 214725079 57;
12:
0 214042624 12;
12 214042637 1024;
1036 214043663 1001;
2037 214045691 23;
2060 214045715 1003;
3063 214048772 21;
3084 214048794 1005;
4089 214050826 19;
4108 214050846 1007;
5115 214053907 17;
5132 214053925 1009;
6141 214055961 15;
6156 214055977 1011;
7167 214059042 13;
7180 214059056 1013;
8193 214063150 11;
8204 214063162 1015;
9219 214079510 9;
9228 214079520 1017;
10245 214086699 7;
10252 214086707 1019;
11271 214137905 5;
11276 214137911 969;
12245 214175814 55;
12300 214175870 971;
13271 214249578 53;
13324 214249632 973;
14297 214276280 51;
14348 214276332 975;
15323 214308117 49;
15372 214308167 977;
16349 214328657 47;
16396 214328705 979;
17375 214357413 45;
17420 214357459 981;
18401 214392331 43;
18444 214392375 983;
19427 214412871 41;
19468 214412913 985;
20453 214452924 39;
20492 214452964 987;
21479 214489896 37;
21516 214489934 989;
22505 214516598 35;
22540 214516634 991;
23531 214547408 33;
23564 214547442 993;
24557 214570002 31;
24588 214570034 995;
25583 214599785 29;
25612 214599815 997;
26609 214623406 27;
26636 214623434 999;
27635 214647027 25;
27660 214647053 1001;
28661 214664486 23;
28684 214664510 1003;
29687 214685026 21;
29708 214685048 1005;
30713 214693242 19;
30732 214693262 1007;
31739 214704539 17;
31756 214704557 1009;
32765 214712755 3;
31:
0 214104064 12;
12 214104077 1024;
1036 214105103 1009;
2045 214106632 15;
2060 214106648 1024;
3084 214107673 487;
3571 214111227 537;
4108 214111765 489;
4597 214113281 535;
5132 214113817 491;
5623 214115335 533;
6156 214115869 483;
6639 214123527 541;
7180 214124069 485;
7665 214127635 539;
8204 214128175 487;
8691 214130716 537;
9228 214131254 1024;
10252 214132279 491;
10743 214135851 533;
11276 214136385 493;
11769 214174787 531;
12300 214175319 495;
12795 214247524 529;
13324 214248054 497;
13821 214271145 527;
14348 214271673 499;
14847 214303240 525;
15372 214303766 243;
15615 214326603 781;
16396 214327385 245;
16641 214366656 779;
17420 214367436 247;
17667 214395412 777;
18444 214396190 249;
18693 214427249 775;
19468 214428025 251;
19719 214467302 773;
20492 214468076 253;
20745 214503247 771;
21516 214504019 255;
21771 214534057 769;
22540 214534827 257;
22797 214558705 767;
23564 214559473 259;
23823 214594650 765;
24588 214595416 261;
24849 214612109 763;
25612 214612873 263;
25875 214633676 761;
26636 214634438 265;
26901 214656270 759;
27660 214657030 267;
27927 214674756 757;
28684 214675514 269;
28953 214689134 755;
29708 214689890 271;
29979 214706593 753;
30732 214707347 273;
31005 214714809 751;
31756 214715561 275;
32031 214726106 737;
36:
0 214089728 12;
12 214089741 1024;
1036 214090767 1024;
2060 214091792 1024;
3084 214092817 1024;
4108 214093842 1024;
5132 214094867 1024;
6156 214095892 1024;
7180 214096917 1024;
8204 214097942 1024;
9228 214098967 1024;
10252 214099992 1024;
11276 214101017 1021;
12297 214106626 3;
12300 214106630 2;
12302 214136878 1022;
13324 214137901 4;
13328 214168625 1020;
14348 214169646 6;
14354 214172162 6;
14360 214179922 1012;
15372 214180935 14;
15386 214246497 1010;
16396 214247508 16;
16412 214284496 1008;
17420 214285505 18;
17438 214312225 1006;
18444 214313232 20;
18464 214344062 1004;
19468 214345067 22;
19490 214371791 1002;
20492 214372794 24;
20516 214390277 1000;
21516 214391278 26;
21542 214411844 998;
22540 214412843 28;
22568 214434306 6;
22574 214459086 990;
23564 214460077 36;
23600 214487842 988;
24588 214488831 38;
24626 214509409 986;
25612 214510396 40;
25652 214548435 984;
26636 214549420 42;
26678 214583353 982;
27660 214584336 44;
27704 214606974 980;
28684 214607955 46;
28730 214616217 978;
29708 214617196 48;
29756 214636757 976;
30732 214637734 50;
30782 214650108 974;
31756 214651083 52;
31808 214669621 960;
38:
0 214116352 12;
12 214116365 1024;
1036 214117391 1024;
2060 214118416 1024;
3084 214119441 1024;
4108 214120466 1024;
5132 214121491 1009;
6141 214124554 15;
6156 214124570 1011;
7167 214128662 13;
7180 214128676 1013;
8193 214133797 11;
8204 214133809 1015;
9219 214139400 9;
9228 214139410 549;
9777 214172168 475;
10252 214172644 89;
10341 214178895 935;
11276 214179831 91;
11367 214257794 933;
12300 214258728 93;
12393 214287577 931;
13324 214288509 95;
13419 214331738 929;
14348 214332668 97;
14445 214362548 927;
15372 214363476 99;
15471 214402601 925;
16396 214403527 101;
16497 214431357 923;
17420 214432281 103;
17523 214457032 921;
18444 214457954 105;
18549 214485788 919;
19468 214486708 107;
19575 214526868 917;
20492 214527786 109;
20601 214551516 915;
21516 214552432 111;
21627 214590542 913;
22540 214591456 113;
22653 214625460 911;
23564 214626372 115;
23679 214655243 909;
24588 214656153 117;
24705 214673729 907;
25612 214674637 119;
25731 214686053 905;
26636 214686959 121;
26757 214700431 903;
27660 214701335 123;
27783 214708647 901;
28684 214709549 125;
28809 214718917 899;
29708 214719817 127;
29835 214730214 897;
30732 214731112 129;
30861 214735349 895;
31756 214736245 1012;
28:
0 214108160 12;
12 214108173 1024;
1036 214109199 1024;
2060 214110224 1003;
3063 214112254 21;
3084 214112276 1005;
4089 214114308 19;
4108 214114328 1007;
5115 214122500 17;
5132 214122518 1009;
6141 214125581 15;
6156 214125597 1024;
7180 214126622 1013;
8193 214129689 11;
8204 214129701 1015;
9219 214132770 9;
9228 214132780 1017;
10245 214134824 7;
10252 214134832 1019;
11271 214142013 5;
11276 214142019 957;
12233 214184030 67;
12300 214184098 959;
13259 214269091 65;
13324 214269157 795;
14119 214291685 229;
14348 214291915 797;
15145 214314279 227;
15372 214314507 799;
16171 214349197 225;
16396 214349423 801;
17197 214380007 223;
17420 214380231 803;
18223 214422114 221;
18444 214422336 805;
19249 214440600 219;
19468 214440820 807;
20275 214465248 217;
20492 214465466 809;
21301 214502220 215;
21516 214502436 811;
22327 214537138 213;
22540 214537352 813;
23353 214561786 211;
23564 214561998 815;
24379 214593623 209;
24588 214593833 817;
25405 214627514 207;
25612 214627722 819;
26431 214644973 205;
26636 214645179 821;
27457 214668594 203;
27660 214668798 823;
28483 214678864 201;
28684 214679066 825;
29509 214691188 199;
29708 214691388 827;
30535 214702485 197;
30732 214702683 829;
31561 214715836 195;
31756 214716032 831;
32587 214723025 181;
22:
0 214142976 12;
12 214142989 1024;
1036 214144015 1024;
2060 214145040 1024;
3084 214146065 1007;
4091 214151166 17;
4108 214151184 1009;
5117 214154247 15;
5132 214154263 1024;
6156 214155288 1013;
7169 214157328 11;
7180 214157340 1015;
8195 214159382 9;
8204 214159392 1017;
9221 214162463 7;
9228 214162471 1019;
10247 214172733 5;
10252 214172739 1021;
11273 214242389 3;
11276 214242393 1023;
12299 214263956 1;
12300 214263958 1024;
13324 214270466 6;
13330 214295793 1018;
14348 214296812 8;
14356 214315306 1016;
15372 214316323 10;
15382 214343035 1014;
16396 214344050 12;
16408 214372818 1012;
17420 214373831 14;
17434 214406709 1010;
18444 214407720 16;
18460 214435465 1008;
19468 214436474 18;
19486 214460113 1006;
20492 214461120 20;
20512 214479626 1004;
21516 214480631 22;
21538 214500166 1002;
22540 214501169 24;
22564 214522760 1000;
23564 214523761 26;
23590 214553570 998;
24588 214554569 28;
24616 214585407 996;
25612 214586404 30;
25642 214613136 994;
26636 214614131 32;
26668 214639838 992;
27660 214640831 34;
27694 214660378 990;
28684 214661369 36;
28720 214680918 988;
29708 214681907 38;
29746 214694269 986;
30732 214695256 40;
30772 214707620 984;
31756 214708605 42;
31798 214720971 970;
21:
0 214147072 12;
12 214147085 1024;
1036 214148111 1024;
2060 214149136 1024;
3084 214150161 1005;
4089 214152193 19;
4108 214152213 1024;
5132 214153238 1009;
6141 214156301 15;
6156 214156317 1011;
7167 214158355 13;
7180 214158369 1013;
8193 214160409 11;
8204 214160421 1024;
9228 214161446 1017;
10245 214163490 7;
10252 214163498 1019;
11271 214170679 5;
11276 214170685 963;
12239 214238281 61;
12300 214238343 965;
13265 214275253 59;
13324 214275313 967;
14291 214313252 57;
14348 214313310 969;
15317 214336008 55;
15372 214336064 809;
16181 214369737 215;
16396 214369953 811;
17207 214389250 213;
17420 214389464 813;
18233 214410817 211;
18444 214411029 815;
19259 214446762 209;
19468 214446972 817;
20285 214490923 207;
20492 214491131 819;
21311 214518652 205;
21516 214518858 821;
22337 214546381 203;
22540 214546585 823;
23363 214562813 201;
23564 214563015 825;
24389 214588488 199;
24588 214588688 827;
25415 214604920 197;
25612 214605118 829;
26441 214634703 195;
26636 214634899 831;
27467 214657297 193;
27660 214657491 833;
28493 214682972 191;
28684 214683164 835;
29519 214698377 189;
29708 214698567 837;
30545 214709674 187;
30732 214709862 839;
31571 214719944 185;
31756 214720130 841;
32597 214728160 171;
61:
0 214190080 12;
12 214190093 1024;
1036 214191119 1024;
2060 214192144 1024;
3084 214193169 1024;
4108 214194194 1024;
5132 214195219 1005;
6137 214198264 19;
6156 214198284 1007;
7163 214201345 17;
7180 214201363 1024;
8204 214202388 1011;
9215 214220822 13;
9228 214220836 1013;
10241 214224930 11;
10252 214224942 1015;
11267 214229038 9;
11276 214229048 1017;
12293 214231092 7;
12300 214231100 1019;
13319 214235200 5;
13324 214235206 1021;
14345 214240335 3;
14348 214240339 1023;
15371 214260875 1;
15372 214260877 1024;
16396 214289631 1024;
17420 214290656 2;
17422 214311198 1022;
18444 214312221 4;
18448 214336873 1020;
19468 214337894 6;
19474 214370764 1018;
20492 214371783 8;
20500 214404655 1016;
21516 214405672 10;
21526 214429303 1014;
22540 214430318 12;
22552 214462167 1012;
23564 214463180 14;
23578 214486815 1010;
24588 214487826 16;
24604 214514544 1008;
25612 214515553 18;
25630 214543300 1006;
26636 214544307 20;
26656 214565384 510;
27166 214579245 494;
27660 214579740 532;
28192 214603893 492;
28684 214604386 534;
29218 214620325 490;
29708 214620816 536;
30244 214637784 488;
30732 214638273 538;
31270 214667567 486;
31756 214668054 540;
32296 214681945 472;
62:
0 214196224 12;
12 214196237 1024;
1036 214197263 1001;
2037 214199291 23;
2060 214199315 1024;
3084 214200340 1005;
4089 214203399 19;
4108 214203419 997;
5105 214222876 27;
5132 214222904 999;
6131 214225957 25;
6156 214225983 1001;
7157 214230065 23;
7180 214230089 1003;
8183 214234173 21;
8204 214234195 1005;
9209 214248551 19;
9228 214248571 1007;
10235 214279361 17;
10252 214279379 1009;
11261 214306063 15;
11276 214306079 1011;
12287 214339954 13;
12300 214339968 1013;
13313 214360494 11;
13324 214360506 1015;
14339 214400547 9;
14348 214400557 467;
14815 214401544 30;
14845 214413898 527;
15372 214414426 499;
15871 214437519 525;
16396 214438045 501;
16897 214463194 523;
17420 214463718 503;
17923 214488869 521;
18444 214489391 505;
18949 214507355 519;
19468 214507875 507;
19975 214539192 517;
20492 214539710 509;
21001 214573083 515;
21516 214573599 511;
22027 214631622 513;
22540 214632136 513;
23053 214642919 511;
23564 214643431 515;
24079 214665513 509;
24588 214666023 517;
25105 214687080 507;
25612 214687588 519;
26131 214697350 505;
26636 214697856 521;
27157 214711728 503;
27660 214712232 523;
28183 214717890 501;
28684 214718392 525;
29209 214727133 499;
29708 214727633 527;
30235 214729224 497;
30732 214729722 492;
31224 214732268 532;
31756 214732801 1012;
53:
0 214204930 12;
12 214204943 1024;
1036 214205969 1024;
2060 214206994 1024;
3084 214208019 493;
3577 214211579 531;
4108 214212111 495;
4603 214213633 529;
5132 214214163 497;
5629 214215687 527;
6156 214216215 499;
6655 214217741 525;
7180 214218267 501;
7681 214219795 523;
8204 214220319 503;
8707 214223903 521;
9228 214224425 505;
9733 214226984 519;
10252 214227504 507;
10759 214232119 517;
11276 214232637 509;
11785 214236227 515;
12300 214236743 441;
12741 214251632 583;
13324 214252216 443;
13767 214286550 581;
14348 214287132 445;
14793 214322495 579;
15372 214323075 447;
15819 214348170 577;
16396 214348748 449;
16845 214393358 575;
17420 214393934 451;
17871 214426222 573;
18444 214426796 453;
18897 214451897 571;
19468 214452469 455;
19923 214481680 569;
20492 214482250 457;
20949 214513517 567;
21516 214514085 459;
21975 214542273 565;
22540 214542839 461;
23001 214568975 563;
23564 214569539 463;
24027 214589515 561;
24588 214590077 465;
25053 214621352 559;
25612 214621912 467;
26079 214653189 557;
26636 214653747 469;
27105 214675783 555;
27660 214676339 471;
28131 214683999 553;
28684 214684553 473;
29157 214695296 551;
29708 214695848 88;
29796 214701458 936;
30732 214702395 90;
30822 214710701 934;
31756 214711636 92;
31848 214721998 920;
54:
0 214208512 12;
12 214208525 1024;
1036 214209551 1024;
2060 214210576 1003;
3063 214212606 21;
3084 214212628 1005;
4089 214214660 19;
4108 214214680 1007;
5115 214216714 17;
5132 214216732 1009;
6141 214218768 15;
6156 214218784 1011;
7167 214221849 13;
7180 214221863 1013;
8193 214228011 11;
8204 214228023 1015;
9219 214233146 9;
9228 214233156 1017;
10245 214237704 7;
10252 214237712 569;
10821 214252659 455;
11276 214253115 571;
11847 214278334 453;
12300 214278788 573;
12873 214305036 451;
13324 214305488 575;
13899 214329684 449;
14348 214330134 577;
14925 214350224 447;
15372 214350672 579;
15951 214383088 445;
16396 214383534 581;
16977 214419033 443;
17420 214419477 583;
18003 214443681 441;
18444 214444123 585;
19029 214469356 439;
19468 214469796 587;
20055 214497085 437;
20492 214497523 589;
21081 214521733 435;
21516 214522169 591;
22107 214549462 433;
22540 214549896 593;
23133 214572056 431;
23564 214572488 595;
24159 214600812 429;
24588 214601242 597;
25185 214630920 427;
25612 214631348 274;
25886 214640865 750;
26636 214641616 276;
26912 214666540 748;
27660 214667289 278;
27938 214703512 746;
28684 214704259 280;
28964 214716863 744;
29708 214717608 282;
29990 214724052 742;
30732 214724795 284;
31016 214731241 740;
31756 214731982 286;
32042 214734322 726;
