0:
0 2285568 12;
12 2285581 1024;
1036 2286607 1009;
2045 2287728 15;
2060 2287744 1024;
3084 2288769 1024;
4108 2289794 1024;
5132 2290819 1024;
6156 2291844 1024;
7180 2292869 891;
8071 2294280 133;
8204 2294414 1024;
9228 2295439 1024;
10252 2296464 1024;
11276 2297489 1024;
12300 2298514 1024;
13324 2299539 1024;
14348 2300564 1024;
15372 2301589 1024;
16396 2302614 1024;
17420 2303639 1024;
18444 2304664 1024;
19468 2305689 1024;
20492 2306714 1024;
21516 2307739 1024;
22540 2308764 1024;
23564 2309789 1024;
24588 2310814 1024;
25612 2311839 1024;
26636 2312864 1024;
27660 2313889 1024;
28684 2314914 1024;
29708 2315939 1024;
30732 2316964 1024;
31756 2317989 1012;
8:
0 2281472 12;
12 2281485 1024;
1036 2282511 1001;
2037 2285560 8;
2045 2319613 15;
2060 2319629 1011;
3071 2324024 13;
3084 2324038 1013;
4097 2329665 11;
4108 2329677 1015;
5123 2332746 9;
5132 2332756 1017;
6149 2335827 7;
6156 2335835 1019;
7175 2339935 5;
7180 2339941 1021;
8201 2359816 3;
8204 2359820 655;
8859 2368691 369;
9228 2369061 657;
9885 2376907 367;
10252 2377275 659;
10911 2383069 365;
11276 2383435 661;
11937 2397447 363;
12300 2397811 663;
12963 2405663 361;
13324 2406025 665;
13989 2414906 359;
14348 2415266 667;
15015 2421068 357;
15372 2421426 669;
16041 2431338 355;
16396 2431694 671;
17067 2434419 353;
17420 2434773 673;
18093 2443662 351;
18444 2444014 675;
19119 2460094 349;
19468 2460444 677;
20145 2466256 347;
20492 2466604 679;
21171 2477553 345;
21516 2477899 681;
22197 2486796 343;
22540 2487140 683;
23223 2497066 341;
23564 2497408 685;
24249 2510417 339;
24588 2510757 687;
25275 2517606 337;
25612 2517944 689;
26301 2529930 335;
26636 2530266 691;
27327 2538146 333;
27660 2538480 693;
28353 2544308 331;
28684 2544640 695;
29379 2552505 329;
29708 2552835 697;
30405 2560715 327;
30732 2561043 699;
31431 2565850 325;
31756 2566176 701;
32457 2580228 311;
16:
0 2283520 12;
12 2283533 1024;
1036 2284559 1001;
2037 2325051 23;
2060 2325075 1003;
3063 2330692 21;
3084 2330714 1005;
4089 2336854 19;
4108 2336874 1007;
5115 2341989 17;
5132 2342007 1009;
6141 2344043 15;
6156 2344059 1011;
7167 2349178 13;
7180 2349192 1013;
8193 2360475 11;
8204 2360487 1015;
9219 2370745 9;
9228 2370755 1017;
10245 2377934 7;
10252 2377942 1019;
11271 2385123 5;
11276 2385129 1021;
12297 2398474 3;
12300 2398478 1023;
13323 2402582 1;
13324 2402584 1024;
14348 2409771 1024;
15372 2410796 2;
15374 2417987 1022;
16396 2419010 4;
16400 2432365 1020;
17420 2433386 6;
17426 2441608 1018;
18444 2442627 8;
18452 2444689 1016;
19468 2445706 10;
19478 2450851 1014;
20492 2451866 12;
20504 2455986 1012;
21516 2456999 14;
21530 2458114 6;
21536 2469337 1004;
22540 2470342 22;
22562 2478580 1002;
23564 2479583 24;
23588 2492958 1000;
24588 2493959 26;
24614 2506309 998;
25612 2507308 28;
25640 2508363 996;
26636 2509360 30;
26666 2513498 994;
27660 2514493 32;
27692 2522741 395;
28087 2523656 112;
28199 2530957 485;
28684 2531443 541;
29225 2540200 483;
29708 2540684 543;
30251 2545335 481;
30732 2545817 545;
31277 2549939 479;
31756 2550419 547;
32303 2561742 465;
1:
0 2263040 12;
12 2263053 1024;
1036 2264079 1024;
2060 2265104 1024;
3084 2266129 1024;
4108 2267154 1024;
5132 2268179 1005;
6137 2271224 8;
6145 2359810 6;
6151 2372799 5;
6156 2372805 1021;
7177 2378961 3;
7180 2378965 1023;
8203 2384096 1;
8204 2384098 1024;
9228 2390258 1024;
10252 2391283 2;
10254 2393339 1022;
11276 2394362 4;
11280 2401555 1020;
12300 2402576 6;
12306 2408744 1018;
13324 2409763 8;
13332 2415933 1016;
14348 2416950 10;
14358 2419014 1014;
15372 2420029 12;
15384 2425352 851;
16235 2435446 161;
16396 2435608 865;
17261 2448797 159;
17420 2448957 867;
18287 2452905 157;
18444 2453063 869;
19313 2457013 155;
19468 2457169 431;
19899 2459067 593;
20492 2459661 433;
20925 2465229 591;
21516 2465821 435;
21951 2476526 589;
22540 2477116 437;
22977 2481661 587;
23564 2482249 439;
24003 2485769 585;
24588 2486355 441;
25029 2490882 6;
25035 2496039 577;
25612 2496617 449;
26061 2509390 575;
26636 2509966 451;
27087 2520687 573;
27660 2521261 453;
28113 2527876 571;
28684 2528448 455;
29139 2535065 569;
29708 2535635 457;
30165 2541227 567;
30732 2541795 459;
31191 2558664 565;
31756 2559230 461;
32217 2566877 551;
24:
0 2287694 2;
2 2287702 3;
5 2287710 3;
8 2287725 3;
11 2294274 1;
12 2294276 4;
16 2319445 112;
128 2320640 128;
256 2320960 256;
512 2321472 512;
1024 2322488 12;
1036 2322502 1010;
2046 2326078 14;
2060 2326093 435;
2495 2327048 57;
2552 2334800 532;
3084 2335333 494;
3578 2337881 530;
4108 2338412 496;
4604 2340962 528;
5132 2341491 498;
5630 2345070 526;
6156 2345597 500;
6656 2350205 524;
7180 2350730 502;
7682 2353286 522;
8204 2353809 504;
8708 2361502 520;
9228 2362023 506;
9734 2367664 518;
10252 2368183 508;
10760 2375880 516;
11276 2376397 510;
11786 2386150 514;
12300 2386665 512;
12812 2392584 512;
13324 2393097 242;
13566 2399501 782;
14348 2400284 244;
14592 2407717 780;
15372 2408498 246;
15618 2413879 778;
16396 2414658 248;
16644 2420041 776;
17420 2420818 250;
17670 2424149 683;
18353 2429284 91;
18444 2429376 935;
19379 2438527 89;
19468 2438617 937;
20405 2449824 87;
20492 2449912 939;
21431 2461121 85;
21516 2461207 941;
22457 2470364 83;
22540 2470448 943;
23483 2480634 81;
23564 2480716 945;
24509 2488850 79;
24588 2488930 947;
25535 2498093 77;
25612 2498171 949;
26561 2504255 75;
26636 2504331 951;
27587 2524795 73;
27660 2524869 953;
28613 2537119 71;
28684 2537191 955;
29639 2547885 69;
29708 2547955 957;
30665 2554559 67;
30732 2554627 959;
31691 2562769 65;
31756 2562835 961;
32717 2569958 51;
32:
0 2271232 12;
12 2271245 1024;
1036 2272271 1001;
2037 2274299 23;
2060 2274323 1003;
3063 2277380 21;
3084 2277402 1024;
4108 2278427 1007;
5115 2280461 17;
5132 2280479 993;
6125 2347124 31;
6156 2347156 995;
7151 2357394 29;
7180 2357424 997;
8177 2363556 27;
8204 2363584 999;
9203 2374853 25;
9228 2374879 1001;
10229 2379988 23;
10252 2380012 1003;
11255 2388204 21;
11276 2388226 1005;
12281 2395393 19;
12300 2395413 1007;
13307 2403609 17;
13324 2403627 1009;
14333 2416960 15;
14348 2416976 1011;
15359 2422095 13;
15372 2422109 1013;
16385 2430311 11;
16396 2430323 1015;
17411 2436473 9;
17420 2436483 1017;
18437 2446743 7;
18444 2446751 1019;
19463 2451878 5;
19468 2451884 1021;
20489 2463175 3;
20492 2463179 1023;
21515 2468310 1;
21516 2468312 1024;
22540 2474472 1024;
23564 2475497 2;
23566 2482688 1022;
24588 2483711 4;
24592 2489877 491;
25083 2490888 16;
25099 2495012 513;
25612 2495526 513;
26125 2502201 511;
26636 2502713 515;
27151 2511444 509;
27660 2511954 517;
28177 2515552 507;
28684 2516060 519;
29203 2519660 505;
29708 2520166 521;
30229 2525822 503;
30732 2526326 523;
31255 2531984 501;
31756 2532486 525;
32281 2539173 487;
40:
0 2319557 12;
12 2319570 43;
55 2320768 192;
247 2321216 256;
503 2327105 512;
1015 2328641 21;
1036 2328664 1001;
2037 2343016 23;
2060 2343040 1003;
3063 2351232 21;
3084 2351254 1005;
4089 2354313 19;
4108 2354333 1007;
5115 2358421 17;
5132 2358439 857;
5989 2365610 167;
6156 2365778 859;
7015 2369718 165;
7180 2369884 861;
8041 2382042 163;
8204 2382206 863;
9067 2389231 161;
9228 2389393 865;
10093 2396420 159;
10252 2396580 867;
11119 2404636 157;
11276 2404794 869;
12145 2411825 155;
12300 2411981 871;
13171 2423122 153;
13324 2423276 873;
14197 2428257 151;
14348 2428409 875;
15223 2440581 149;
15372 2440731 877;
16249 2447770 147;
16396 2447918 879;
17275 2453932 145;
17420 2454078 881;
18301 2462148 143;
18444 2462292 883;
19327 2472418 141;
19468 2472560 885;
20353 2483715 139;
20492 2483855 887;
21379 2490904 137;
21516 2491042 1024;
22540 2492067 891;
23431 2499120 133;
23564 2499254 893;
24457 2503228 131;
24588 2503360 895;
25483 2514525 129;
25612 2514655 897;
26509 2521714 127;
26636 2521842 899;
27535 2526849 125;
27660 2526975 901;
28561 2533011 123;
28684 2533135 903;
29587 2543281 121;
29708 2543403 905;
30613 2551478 119;
30732 2551598 907;
31639 2557637 117;
31756 2557755 909;
32665 2572012 103;
48:
0 2321984 12;
12 2321997 491;
503 2323512 512;
1015 2327617 21;
1036 2327640 1001;
2037 2331719 23;
2060 2331743 1003;
3063 2333773 21;
3084 2333795 1005;
4089 2338908 19;
4108 2338928 1007;
5115 2348151 17;
5132 2348169 1009;
6141 2355340 15;
6156 2355356 1011;
7167 2362529 13;
7180 2362543 1013;
8193 2364583 11;
8204 2364595 1015;
9219 2373826 9;
9228 2373836 1017;
10245 2391285 7;
10252 2391293 771;
11023 2392578 6;
11029 2400528 247;
11276 2400776 779;
12055 2412852 245;
12300 2413098 781;
13081 2427230 243;
13324 2427474 783;
14107 2437500 241;
14348 2437742 785;
15133 2442635 239;
15372 2442875 787;
16159 2454959 237;
16396 2455197 789;
17185 2464202 235;
17420 2464438 791;
18211 2471391 233;
18444 2471625 793;
19237 2475499 231;
19468 2475731 795;
20263 2484742 229;
20492 2484972 797;
21289 2500147 227;
21516 2500375 799;
22315 2507336 225;
22540 2507562 801;
23341 2516579 223;
23564 2516803 803;
24367 2523768 221;
24588 2523990 805;
25393 2534038 219;
25612 2534258 807;
26419 2542254 217;
26636 2542472 809;
27445 2553532 215;
27660 2553748 811;
28471 2556418 6;
28477 2564823 207;
28684 2565031 819;
29503 2568931 205;
29708 2569137 821;
30529 2574066 203;
30732 2574270 823;
31555 2576120 201;
31756 2576322 825;
32581 2579201 187;
56:
0 2269186 12;
12 2269199 1024;
1036 2270225 999;
2035 2273272 25;
2060 2273298 1001;
3061 2275326 23;
3084 2275350 1024;
4108 2276375 1005;
5113 2279434 19;
5132 2279454 1007;
6139 2283512 8;
6147 2327042 6;
6153 2346097 3;
6156 2346101 1023;
7179 2352259 1;
7180 2352261 1024;
8204 2356367 1024;
9228 2357392 2;
9230 2366637 1022;
10252 2367660 4;
10256 2371772 1020;
11276 2372793 6;
11282 2381015 1018;
12300 2382034 8;
12308 2387177 1016;
13324 2388194 10;
13334 2394366 1014;
14348 2395381 12;
14360 2406690 1012;
15372 2407703 14;
15386 2410798 1010;
16396 2411809 16;
16412 2426203 1008;
17420 2427212 18;
17438 2433392 1006;
18444 2434399 20;
18464 2439554 1004;
19468 2440559 22;
19490 2445716 1002;
20492 2446719 24;
20516 2458120 947;
21463 2467283 53;
21516 2467337 973;
22489 2473445 51;
22540 2473497 975;
23515 2479607 49;
23564 2479657 977;
24541 2487823 47;
24588 2487871 979;
25567 2493985 45;
25612 2494031 981;
26593 2501174 43;
26636 2501218 983;
27619 2505282 41;
27660 2505324 985;
28645 2512471 39;
28684 2512511 987;
29671 2518633 37;
29708 2518671 989;
30697 2528903 35;
30732 2528939 991;
31723 2536092 33;
31756 2536126 993;
32749 2546362 19;
33:
0 2261508 12;
12 2261521 1024;
1036 2262547 493;
1529 2548912 531;
2060 2549444 495;
2555 2556610 529;
3084 2557140 497;
3581 2563796 527;
4108 2564324 499;
4607 2567904 525;
5132 2568430 501;
5633 2573039 523;
6156 2573563 503;
6659 2578174 521;
7180 2578696 505;
7685 2582282 519;
8204 2582802 507;
8711 2584336 517;
9228 2584854 1024;
10252 2585879 511;
10763 2587417 513;
11276 2587931 513;
11789 2589471 511;
12300 2589983 515;
12815 2592552 509;
13324 2593062 517;
13841 2595633 507;
14348 2596141 519;
14867 2598714 505;
15372 2599220 521;
15893 2601795 503;
16396 2602299 523;
16919 2603849 501;
17420 2604351 525;
17945 2605903 499;
18444 2606403 1024;
19468 2607428 1024;
20492 2608453 531;
21023 2610011 493;
21516 2610505 533;
22049 2612065 491;
22540 2612557 535;
23075 2615146 489;
23564 2615636 537;
24101 2617200 487;
24588 2617688 539;
25127 2619254 485;
25612 2619740 1024;
26636 2620765 543;
27179 2623362 481;
27660 2623844 1024;
28684 2624869 547;
29231 2626443 477;
29708 2626921 1024;
30732 2627946 551;
31283 2629524 473;
31756 2629998 553;
32309 2631578 459;
57:
0 2425346 6;
6 2523650 6;
12 2547390 495;
507 2550966 512;
1019 2555586 17;
1036 2555605 299;
1335 2556424 186;
1521 2559691 539;
2060 2560231 484;
2544 2570985 540;
3084 2571526 486;
3570 2575093 538;
4108 2575632 488;
4596 2577147 536;
5132 2577684 490;
5622 2581255 534;
6156 2581790 492;
6648 2583309 532;
7180 2583842 494;
7674 2586390 530;
8204 2586921 496;
8700 2588444 228;
8928 2589192 279;
9207 2590498 21;
9228 2590520 1024;
10252 2591545 1007;
11259 2593579 17;
11276 2593597 1024;
12300 2594622 1011;
13311 2596660 13;
13324 2596674 1024;
14348 2597699 1015;
15363 2599741 9;
15372 2599751 1024;
16396 2600776 1019;
17415 2602822 5;
17420 2602828 1021;
18441 2604876 3;
18444 2604880 1023;
19467 2608984 1;
19468 2608986 1024;
20492 2611038 1024;
21516 2612063 2;
21518 2613092 1022;
22540 2614115 1024;
23564 2615140 6;
23570 2616173 1018;
24588 2617192 8;
24596 2618227 1016;
25612 2619244 10;
25622 2621308 132;
25754 2621960 882;
26636 2622843 519;
27155 2625416 505;
27660 2625922 521;
28181 2628497 503;
28684 2629001 523;
29207 2630551 501;
29708 2631053 525;
30233 2632605 499;
30732 2633105 1024;
31756 2634130 1012;
17:
0 4421632 12;
12 4421645 1024;
1036 4422671 1009;
2045 4424200 15;
2060 4424216 1024;
3084 4425241 1024;
4108 4426266 1024;
5132 4427291 1024;
6156 4428316 1024;
7180 4429341 483;
7663 4433918 541;
8204 4434460 485;
8689 4435972 539;
9228 4436512 487;
9715 4439053 537;
10252 4439591 489;
10741 4441107 535;
11276 4441643 491;
11767 4443161 533;
12300 4443695 465;
12765 4456968 529;
13294 4458524 30;
13324 4458555 996;
14320 4462632 28;
14348 4462661 998;
15346 4465713 26;
15372 4465740 948;
16320 4489730 6;
16326 4492335 70;
16396 4492406 956;
17352 4496443 68;
17420 4496512 958;
18378 4501578 66;
18444 4501645 960;
19404 4504659 64;
19468 4504724 962;
20430 4508767 62;
20492 4508830 964;
21456 4514929 60;
21516 4514990 966;
22482 4519037 58;
22540 4519096 968;
23508 4522504 56;
23564 4522561 584;
24148 4526226 440;
24588 4526667 586;
25174 4529307 438;
25612 4529746 588;
26200 4533415 436;
26636 4533852 590;
27226 4538550 434;
27660 4538985 592;
28252 4542658 432;
28684 4543091 594;
29278 4549847 430;
29708 4550278 596;
30304 4555272 428;
30732 4555701 308;
31040 4557036 716;
31756 4557753 310;
32066 4562171 702;
41:
0 4444160 12;
12 4444173 1024;
1036 4445199 1024;
2060 4446224 1024;
3084 4447249 1024;
4108 4448274 1024;
5132 4449299 1024;
6156 4450324 1024;
7180 4451349 1024;
8204 4452374 1024;
9228 4453399 1024;
10252 4454424 1019;
11271 4457497 5;
11276 4457503 1021;
12297 4459551 3;
12300 4459555 1024;
13324 4460580 1024;
14348 4463659 1024;
15372 4464684 2;
15374 4495416 1022;
16396 4496439 4;
16400 4497470 1020;
17420 4498491 6;
17426 4502605 1018;
18444 4503624 8;
18452 4507740 1016;
19468 4508757 10;
19478 4512875 1014;
20492 4513890 12;
20504 4520064 1012;
21516 4521077 14;
21530 4523145 1010;
22540 4524156 16;
22556 4527253 1008;
23564 4528262 18;
23582 4530334 1006;
24588 4531341 20;
24608 4534442 1004;
25612 4535447 22;
25634 4539577 1002;
26636 4540580 24;
26660 4544712 1000;
27660 4545713 26;
27686 4546766 998;
28684 4547765 28;
28712 4551901 996;
29708 4552898 30;
29738 4556009 994;
30732 4557004 32;
30764 4560117 992;
31756 4561110 34;
31790 4564225 978;
25:
0 4429824 12;
12 4429837 1024;
1036 4430863 1024;
2060 4431888 1024;
3084 4432913 1005;
4089 4434945 19;
4108 4434965 1007;
5115 4436999 17;
5132 4437017 1024;
6156 4438042 1011;
7167 4440080 13;
7180 4440094 1013;
8193 4442134 11;
8204 4442146 1015;
9219 4455443 9;
9228 4455453 995;
10223 4456962 6;
10229 4461605 23;
10252 4461629 1003;
11255 4464686 21;
11276 4464708 1005;
12281 4500551 19;
12300 4500571 1007;
13307 4503632 17;
13324 4503650 1009;
14333 4510821 15;
14348 4510837 1011;
15359 4513902 13;
15372 4513916 1013;
16385 4516983 11;
16396 4516995 1015;
17411 4525199 9;
17420 4525209 1017;
18437 4528280 7;
18444 4528288 1019;
19463 4536496 5;
19468 4536502 1021;
20489 4543685 3;
20492 4543689 1023;
21515 4550874 1;
21516 4550876 1024;
22540 4559090 1024;
23564 4560115 2;
23566 4565252 1022;
24588 4566275 4;
24592 4568333 1020;
25612 4569354 6;
25618 4571414 1018;
26636 4572433 8;
26644 4573468 1016;
27660 4574485 10;
27670 4577576 1014;
28684 4578591 12;
28696 4580657 1012;
29708 4581670 14;
29722 4583738 1010;
30732 4584749 16;
30748 4585792 1008;
31756 4586801 18;
31774 4588040 833;
32607 4589900 161;
9:
0 4466688 12;
12 4466701 107;
119 4466864 384;
503 4468208 533;
1036 4468743 1001;
2037 4470768 23;
2060 4470792 1024;
3084 4471817 1005;
4089 4473849 19;
4108 4473869 1024;
5132 4474894 1009;
6141 4476930 15;
6156 4476946 1011;
7167 4478984 13;
7180 4478998 1013;
8193 4482065 11;
8204 4482077 1015;
9219 4484119 9;
9228 4484129 1024;
10252 4485154 1019;
11271 4488227 5;
11276 4488233 983;
12259 4490281 41;
12300 4490323 985;
13285 4493362 39;
13324 4493402 987;
14311 4498497 37;
14348 4498535 989;
15337 4505686 35;
15372 4505722 991;
16363 4511848 33;
16396 4511882 993;
17389 4518010 31;
17420 4518042 995;
18415 4524172 29;
18444 4524202 997;
19441 4531361 27;
19468 4531389 999;
20467 4535469 25;
20492 4535495 1001;
21493 4540604 23;
21516 4540628 1003;
22519 4547793 21;
22540 4547815 1005;
23545 4553955 19;
23564 4553975 777;
24341 4563198 247;
24588 4563446 779;
25367 4566279 245;
25612 4566525 781;
26393 4569360 243;
26636 4569604 783;
27419 4572441 241;
27660 4572683 785;
28445 4575522 239;
28684 4575762 787;
29471 4578603 237;
29708 4578841 789;
30497 4581684 235;
30732 4581920 791;
31523 4584765 233;
31756 4584999 793;
32549 4586819 219;
49:
0 4466808 12;
12 4466821 43;
55 4467248 960;
1015 4469744 21;
1036 4469767 1001;
2037 4472822 23;
2060 4472846 1003;
3063 4475903 21;
3084 4475925 1005;
4089 4477957 19;
4108 4477977 1007;
5115 4480011 17;
5132 4480029 1024;
6156 4481054 1011;
7167 4483092 13;
7180 4483106 1013;
8193 4486173 11;
8204 4486185 1024;
9228 4487210 1017;
10245 4489736 7;
10252 4489744 537;
10789 4491308 487;
11276 4491796 539;
11815 4494389 485;
12300 4494875 541;
12841 4499524 483;
13324 4500008 543;
13867 4506713 481;
14348 4507195 545;
14893 4509794 479;
15372 4510274 547;
15919 4515956 477;
16396 4516434 549;
16945 4521091 475;
17420 4521567 417;
17837 4522498 6;
17843 4532388 601;
18444 4532990 425;
18869 4537523 599;
19468 4538123 427;
19895 4541631 597;
20492 4542229 429;
20921 4545739 595;
21516 4546335 431;
21947 4548820 593;
22540 4549414 433;
22973 4552928 591;
23564 4553520 435;
23999 4555266 6;
24005 4558063 583;
24588 4558647 443;
25031 4561144 581;
25612 4561726 445;
26057 4567306 579;
26636 4567886 447;
27083 4570387 577;
27660 4570965 449;
28109 4574495 575;
28684 4575071 451;
29135 4576549 573;
29708 4577123 453;
30161 4579630 571;
30732 4580202 455;
31187 4582711 569;
31756 4583281 457;
32213 4588873 555;
2:
0 4588034 6;
6 4590927 6;
12 4590934 9;
21 4590967 32;
53 4591031 64;
117 4591271 128;
245 4591711 256;
501 4592287 512;
1013 4597240 23;
1036 4597265 999;
2035 4602875 25;
2060 4602901 1001;
3061 4614148 23;
3084 4614172 1003;
4087 4629511 21;
4108 4629533 1005;
5113 4640808 19;
5132 4640828 1007;
6139 4666381 17;
6156 4666399 1009;
7165 4704290 15;
7180 4704306 1011;
8191 4713533 13;
8204 4713547 1013;
9217 4725857 11;
9228 4725869 1015;
10243 4758587 9;
10252 4758597 1017;
11269 4772965 7;
11276 4772973 1019;
12295 7613840 5;
12300 7613846 242;
12542 7614344 256;
12798 7621836 526;
13324 7622363 500;
13824 7630052 524;
14348 7630577 502;
14850 7658808 522;
15372 7659331 504;
15876 7677294 520;
16396 7677815 506;
16902 7689618 518;
17420 7690137 508;
17928 7703996 516;
18444 7704513 510;
18954 7716320 514;
19468 7716835 512;
19980 7730698 512;
20492 7731211 514;
21006 7752265 510;
21516 7752776 516;
22032 7772805 508;
22540 7773314 518;
23058 7792318 506;
23564 7792825 520;
24084 7810804 504;
24588 7811309 522;
25110 7819020 502;
25612 7819523 524;
26136 7836479 500;
26636 7836980 526;
27162 7855992 498;
27660 7856491 528;
28188 7887829 496;
28684 7888326 530;
29214 7901180 494;
29708 7901675 532;
30240 7915558 492;
30732 7916051 534;
31266 7927882 490;
31756 7928373 536;
32292 7936098 476;
3:
0 4590943 12;
12 4590956 11;
23 4590999 32;
55 4591095 64;
119 4591399 128;
247 4593695 256;
503 4596728 512;
1015 4600312 21;
1036 4600335 1001;
2037 4606980 23;
2060 4607004 996;
3056 4613121 28;
3084 4613150 998;
4082 4619259 26;
4108 4619286 1000;
5108 4620802 6;
5114 4634646 18;
5132 4634665 1008;
6140 4644916 16;
6156 4644933 1010;
7166 4672543 14;
7180 4672558 1012;
8192 4715587 12;
8204 4715600 1014;
9218 4720722 10;
9228 4720733 1016;
10244 4753452 8;
10252 4753461 1018;
11270 4763722 6;
11276 4763729 1020;
12296 4781181 4;
12300 4781186 1022;
13322 7615880 2;
13324 7615883 253;
13577 7616145 503;
14080 7631079 268;
14348 7631348 758;
15106 7650592 266;
15372 7650859 760;
16132 7664970 264;
16396 7665235 762;
17158 7692699 262;
17420 7692962 764;
18184 7712212 260;
18444 7712473 766;
19210 7736860 258;
19468 7737119 768;
20236 7758427 256;
20492 7758684 770;
21262 7777940 254;
21516 7778195 772;
22288 7786156 252;
22540 7786409 774;
23314 7807723 250;
23564 7807974 776;
24340 7828263 248;
24588 7828512 778;
25366 7841614 246;
25612 7841861 780;
26392 7864208 112;
26504 7864840 132;
26636 7864973 262;
26898 7874478 762;
27660 7875241 264;
27924 7890910 760;
28684 7891671 266;
28950 7902207 758;
29708 7902966 268;
29976 7920693 756;
30732 7921450 270;
31002 7934044 754;
31756 7934799 272;
32028 7946368 740;
19:
0 4595712 12;
12 4595725 1003;
1015 4598264 21;
1036 4598287 1001;
2037 4604929 23;
2060 4604953 1003;
3063 4612094 21;
3084 4612116 1005;
4089 4631565 19;
4108 4631585 1007;
5115 4641835 17;
5132 4641853 1009;
6141 4650051 15;
6156 4650067 941;
7097 4675624 83;
7180 4675708 943;
8123 4707371 81;
8204 4707453 945;
9149 4719695 79;
9228 4719775 947;
10175 4759614 77;
10252 4759692 949;
11201 4775019 75;
11276 4775095 951;
12227 7609512 73;
12300 7609586 406;
12706 7610152 352;
13058 7627998 266;
13324 7628265 760;
14084 7644430 264;
14348 7644695 762;
15110 7659835 262;
15372 7660098 764;
16136 7671132 260;
16396 7671393 766;
17162 7686537 258;
17420 7686796 768;
18188 7707077 256;
18444 7707334 770;
19214 7725563 254;
19468 7725818 772;
20240 7741995 252;
20492 7742248 774;
21266 7767670 250;
21516 7767921 776;
22292 7785129 248;
22540 7785378 778;
23318 7799507 246;
23564 7799754 780;
24344 7820047 244;
24588 7820292 782;
25370 7831344 208;
25578 7832072 34;
25612 7832107 264;
25876 7837506 760;
26636 7838267 266;
26902 7847776 758;
27660 7848535 268;
27928 7863181 756;
28684 7863938 270;
28954 7882694 754;
29708 7883449 272;
29980 7895018 752;
30732 7895771 274;
31006 7909396 750;
31756 7910147 276;
32032 7933017 736;
10:
0 4591159 12;
12 4591172 43;
55 4591527 64;
119 4593567 128;
247 4593951 256;
503 4594463 512;
1015 4599288 21;
1036 4599311 1001;
2037 4603902 23;
2060 4603926 1003;
3063 4615175 21;
3084 4615197 995;
4079 4630538 29;
4108 4630568 997;
5105 4642862 27;
5132 4642890 999;
6131 4653570 6;
6137 4665354 19;
6156 4665374 1007;
7163 4710452 17;
7180 4710470 1009;
8189 4722776 15;
8204 4722792 1011;
9215 4748317 13;
9228 4748331 1013;
10241 4765776 11;
10252 4765788 1015;
11267 7580177 7;
11274 7580264 2;
11276 7580267 29;
11305 7581144 176;
11481 7583344 24;
11505 7584132 4;
11509 7585312 104;
11613 7588695 1;
11614 7588952 48;
11662 7589280 232;
11894 7597442 6;
11900 7602056 120;
12020 7604608 264;
12284 7605136 16;
12300 7605153 231;
12531 7629025 793;
13324 7629819 233;
13557 7643403 791;
14348 7644195 235;
14583 7652646 789;
15372 7653436 237;
15609 7672159 787;
16396 7672947 239;
16635 7687564 785;
17420 7688350 241;
17661 7706050 783;
18444 7706834 243;
18687 7718374 781;
19468 7719156 245;
19713 7732752 496;
20209 7733768 11;
20220 7739941 272;
20492 7740214 754;
21246 7755346 270;
21516 7755617 756;
22272 7773832 268;
22540 7774101 758;
23298 7790264 266;
23564 7790531 760;
24324 7803615 264;
24588 7803880 762;
25350 7827236 262;
25612 7827499 764;
26376 7846749 260;
26636 7847010 766;
27402 7865235 258;
27660 7865494 768;
28428 7879613 256;
28684 7879870 770;
29454 7904261 254;
29708 7904516 772;
30480 7919666 252;
30732 7919919 774;
31506 7937125 250;
31756 7937376 776;
32532 7947395 236;
18:
0 4591215 12;
12 4591228 43;
55 4591591 64;
119 4592031 128;
247 4592799 768;
1015 4594975 21;
1036 4594998 714;
1750 4601848 310;
2060 4602159 716;
2776 4611067 308;
3084 4611376 718;
3802 4620286 2;
3804 4620808 304;
4108 4621113 200;
4308 4627457 824;
5132 4628282 202;
5334 4638754 822;
6156 4639577 204;
6360 4643889 820;
7180 4644710 206;
7386 4668435 818;
8204 4669254 208;
8412 4703263 816;
9228 4704080 210;
9438 4714560 814;
10252 4715375 212;
10464 4724830 812;
11276 4725643 214;
11490 4766803 810;
12300 4767614 216;
12516 4776046 808;
13324 4776855 218;
13542 7610748 4;
13546 7614777 7;
13553 7615340 4;
13557 7623890 791;
14348 7624682 235;
14583 7645457 789;
15372 7646247 237;
15609 7665997 787;
16396 7666785 239;
16635 7681402 785;
17420 7682188 241;
17661 7695780 783;
18444 7696564 243;
18687 7717347 781;
19468 7718129 245;
19713 7738914 779;
20492 7739694 247;
20739 7750211 777;
21516 7750989 249;
21765 7763562 775;
22540 7764338 251;
22791 7771778 773;
23564 7772552 253;
23817 7788210 771;
24588 7788982 255;
24843 7800534 769;
25612 7801304 257;
25869 7812858 767;
26636 7813626 259;
26895 7822101 765;
27660 7822867 261;
27921 7844695 763;
28684 7845459 263;
28947 7867289 761;
29708 7868051 265;
29973 7875505 759;
30732 7876265 267;
30999 7889883 757;
31756 7890641 269;
32025 7897602 6;
32031 7912477 737;
26:
0 4591655 12;
12 4591668 43;
55 4591967 64;
119 4592159 128;
247 4594207 256;
503 4601336 512;
1015 4605956 21;
1036 4605979 1001;
2037 4618232 23;
2060 4618256 1003;
3063 4621313 21;
3084 4621335 1001;
4085 4632592 23;
4108 4632616 1003;
5111 4636700 21;
5132 4636722 1005;
6137 4645943 19;
6156 4645963 1007;
7163 4671516 17;
7180 4671534 1009;
8189 4708398 15;
8204 4708414 1011;
9215 4749344 13;
9228 4749358 1013;
10241 4764749 11;
10252 4764761 1015;
11267 7580257 7;
11274 7580865 2;
11276 7580868 4;
11280 7581137 7;
11287 7590534 2;
11289 7593080 16;
11305 7593376 232;
11537 7597188 4;
11541 7598096 119;
11660 7598463 1;
11661 7598982 2;
11663 7599228 4;
11667 7600480 296;
11963 7603068 4;
11967 7612593 333;
12300 7612927 137;
12437 7613216 360;
12797 7633133 527;
13324 7633661 499;
13823 7653673 525;
14348 7654199 501;
14849 7669078 523;
15372 7669602 503;
15875 7682429 521;
16396 7682951 505;
16901 7697834 519;
17420 7698354 507;
17927 7719401 517;
18444 7719919 509;
18953 7743022 515;
19468 7743538 511;
19979 7751238 513;
20492 7751752 513;
21005 7776913 511;
21516 7777425 515;
22031 7789237 509;
22540 7789747 517;
23057 7802588 507;
23564 7803096 519;
24083 7816966 505;
24588 7817472 521;
25109 7835452 503;
25612 7835956 523;
26135 7852911 501;
26636 7853413 525;
27161 7871397 499;
27660 7871897 527;
28187 7886802 497;
28684 7887300 529;
29213 7900153 495;
29708 7900649 531;
30239 7914531 493;
30732 7915025 533;
31265 7931990 491;
31756 7932482 535;
32291 7943287 477;
27:
0 4608000 12;
12 4608013 1024;
1036 4609039 1024;
2060 4610064 1003;
3063 4626430 21;
3084 4626452 1005;
4089 4635673 19;
4108 4635693 1007;
5115 4649024 17;
5132 4649042 1009;
6141 4670489 15;
6156 4670505 1011;
7167 4705317 13;
7180 4705331 1013;
8193 4719112 11;
8204 4719124 571;
8775 4726884 453;
9228 4727338 573;
9801 4751874 6;
9807 4756533 445;
10252 4756979 581;
10833 4777073 443;
11276 4777517 583;
11859 7607688 256;
12115 7608008 185;
12300 7608194 262;
12562 7632106 762;
13324 7632869 264;
13588 7646484 760;
14348 7647245 266;
14614 7656754 758;
15372 7657513 268;
15640 7668232 756;
16396 7668989 89;
16485 7679348 935;
17420 7680284 91;
17511 7693726 933;
18444 7694660 93;
18537 7709131 931;
19468 7710063 95;
19563 7715293 929;
20492 7716223 97;
20589 7727617 927;
21516 7728545 99;
21615 7740968 925;
22540 7741894 101;
22641 7757400 923;
23564 7758324 103;
23667 7769724 921;
24588 7770646 105;
24693 7794372 919;
25612 7795292 107;
25719 7809777 917;
26636 7810695 109;
26745 7825182 915;
27660 7826098 111;
27771 7840587 913;
28684 7841501 113;
28797 7854965 911;
29708 7855877 115;
29823 7877559 909;
30732 7878469 117;
30849 7888856 907;
31756 7889764 119;
31875 7910423 893;
34:
0 4616192 12;
12 4616205 1024;
1036 4617231 1001;
2037 4628484 23;
2060 4628508 1003;
3063 4637727 21;
3084 4637749 1005;
4089 4647997 19;
4108 4648017 1007;
5115 4674597 17;
5132 4674615 1009;
6141 4709425 15;
6156 4709441 1011;
7167 4719106 6;
7173 4745236 7;
7180 4745244 1019;
8199 4767830 5;
8204 4767836 1021;
9225 4783235 3;
9228 4783239 889;
10117 4786176 1;
10118 7614784 134;
10252 7614919 193;
10445 7615344 280;
10725 7622863 551;
11276 7623415 475;
11751 7641349 549;
12300 7641899 477;
12777 7667024 547;
13324 7667572 140;
13464 7678321 884;
14348 7679206 142;
14490 7694753 882;
15372 7695636 144;
15516 7699888 592;
16108 7714266 288;
16396 7714555 738;
17134 7723509 286;
17420 7723796 740;
18160 7734806 284;
18444 7735091 742;
19186 7746103 282;
19468 7746386 744;
20212 7761508 280;
20492 7761789 746;
21238 7770751 278;
21516 7771030 748;
22264 7784102 276;
22540 7784379 750;
23290 7804642 274;
23564 7804917 752;
24316 7826209 272;
24588 7826482 754;
25342 7845722 270;
25612 7845993 756;
26368 7858046 268;
26636 7858315 758;
27394 7868316 266;
27660 7868583 760;
28420 7885775 264;
28684 7886040 762;
29446 7899126 262;
29708 7899389 764;
30472 7921720 260;
30732 7921981 766;
31498 7935071 258;
31756 7935330 768;
32524 7945341 244;
35:
0 4651008 12;
12 4651021 1024;
1036 4652047 1009;
2045 4653576 15;
2060 4653592 1024;
3084 4654617 1024;
4108 4655642 1024;
5132 4656667 485;
5617 4664327 539;
6156 4664867 487;
6643 4676651 537;
7180 4677189 443;
7623 4717641 581;
8204 4718223 369;
8573 4746263 655;
9228 4746919 371;
9599 4762695 653;
10252 4763349 373;
10625 4782208 651;
11276 4782860 375;
11651 7610752 264;
11915 7611256 272;
12187 7613833 7;
12194 7626971 106;
12300 7627078 920;
13220 7638268 104;
13324 7638373 922;
14246 7654700 102;
14348 7654803 924;
15272 7660862 100;
15372 7660963 926;
16298 7683456 98;
16396 7683555 928;
17324 7701942 96;
17420 7702039 930;
18350 7713239 94;
18444 7713334 932;
19376 7731725 92;
19468 7731818 934;
20402 7756373 90;
20492 7756464 936;
21428 7766643 88;
21516 7766732 938;
22454 7783075 86;
22540 7783162 940;
23480 7806696 84;
23564 7806781 942;
24506 7830317 82;
24588 7830400 944;
25532 7843668 80;
25612 7843749 946;
26558 7859073 78;
26636 7859152 948;
27584 7869343 76;
27660 7869420 950;
28610 7881667 74;
28684 7881742 952;
29636 7896045 72;
29708 7896118 954;
30662 7907342 70;
30732 7907413 956;
31688 7923774 68;
31756 7923843 958;
32714 7938152 54;
43:
0 4622336 12;
12 4622349 1024;
1036 4623375 1024;
2060 4624400 1024;
3084 4625425 1005;
4089 4633619 19;
4108 4633639 1007;
5115 4639781 17;
5132 4639799 1009;
6141 4646970 15;
6156 4646986 1011;
7167 4669462 13;
7180 4669476 1013;
8193 4706344 11;
8204 4706356 1015;
9219 4747290 9;
9228 4747300 1017;
10245 4757560 7;
10252 4757568 1019;
11271 4770911 5;
11276 4770917 1021;
12297 7585169 3;
12300 7585173 3;
12303 7595134 10;
12313 7596936 252;
12565 7606672 248;
12813 7607184 248;
13061 7619782 263;
13324 7620046 186;
13510 7620241 568;
14078 7634160 270;
14348 7634431 513;
14861 7647511 511;
15372 7648023 515;
15887 7655727 509;
16396 7656237 517;
16913 7676267 507;
17420 7676775 519;
17939 7691672 505;
18444 7692178 521;
18965 7711185 503;
19468 7711689 523;
19991 7733779 501;
20492 7734281 525;
21017 7748157 499;
21516 7748657 527;
22043 7760481 497;
22540 7760979 529;
23069 7779994 495;
23564 7780490 531;
24095 7796426 493;
24588 7796920 533;
25121 7799298 6;
25127 7821074 485;
25612 7821560 541;
26153 7834425 483;
26636 7834909 543;
27179 7848803 481;
27660 7849285 545;
28205 7870370 479;
28684 7870850 547;
29231 7880640 477;
29708 7881118 549;
30257 7891937 475;
30732 7892413 551;
31283 7917612 473;
31756 7918086 553;
32309 7928909 459;
42:
0 4657152 12;
12 4657165 1024;
1036 4658191 1024;
2060 4659216 1024;
3084 4660241 1024;
4108 4661266 1024;
5132 4662291 1024;
6156 4663316 1011;
7167 4667408 13;
7180 4667422 1013;
8193 4673570 11;
8204 4673582 1015;
9219 4712506 9;
9228 4712516 1017;
10245 4723803 7;
10252 4723811 1019;
11271 4754479 5;
11276 4754485 1021;
12297 4771938 3;
12300 4771942 1023;
13323 7606160 1;
13324 7606162 246;
13570 7616776 384;
13954 7617169 394;
14348 7617564 108;
14456 7617681 47;
14503 7618441 7;
14510 7635458 6;
14516 7640322 856;
15372 7641179 170;
15542 7662916 854;
16396 7663771 172;
16568 7668226 6;
16574 7680375 846;
17420 7681222 180;
17600 7708104 844;
18444 7708949 182;
18626 7721455 842;
19468 7722298 184;
19652 7729671 840;
20492 7730512 186;
20678 7747130 838;
21516 7747969 188;
21704 7764589 836;
22540 7765426 190;
22730 7781021 834;
23564 7781856 192;
23756 7793345 832;
24588 7794178 194;
24782 7811831 830;
25612 7812662 196;
25808 7823128 828;
26636 7823957 198;
26834 7839560 826;
27660 7840387 200;
27860 7853938 824;
28684 7854763 202;
28886 7876532 822;
29708 7877355 204;
29912 7893991 820;
30732 7894812 206;
30938 7908369 818;
31756 7909188 208;
31964 7922747 804;
50:
0 4677632 12;
12 4677645 1024;
1036 4678671 1024;
2060 4679696 1024;
3084 4680721 1024;
4108 4681746 1024;
5132 4682771 1024;
6156 4683796 1024;
7180 4684821 1003;
8183 4701209 21;
8204 4701231 1005;
9209 4721749 19;
9228 4721769 1007;
10235 4751880 17;
10252 4751898 527;
10779 4755506 497;
11276 4756004 529;
11805 4773992 495;
12300 4774488 531;
12831 7583337 7;
12838 7598215 1;
12839 7598720 8;
12847 7599232 8;
12855 7599616 136;
12991 7600256 8;
12999 7603072 264;
13263 7611600 61;
13324 7611662 378;
13702 7612296 256;
13958 7612561 32;
13990 7625944 358;
14348 7626303 668;
15016 7642376 356;
15372 7642733 670;
16042 7663943 354;
16396 7664298 672;
17068 7673186 352;
17420 7673539 674;
18094 7696807 350;
18444 7697158 676;
19120 7710158 348;
19468 7710507 678;
20146 7735833 346;
20492 7736180 680;
21172 7749184 344;
21516 7749529 682;
22198 7768697 342;
22540 7769040 684;
23224 7795399 340;
23564 7795740 686;
24250 7813885 338;
24588 7814224 688;
25276 7832371 336;
25612 7832708 690;
26302 7851884 334;
26636 7852219 692;
27328 7866262 332;
27660 7866595 694;
28354 7883721 330;
28684 7884052 696;
29380 7903234 328;
29708 7903563 698;
30406 7918639 326;
30732 7918966 700;
31432 7924801 324;
31756 7925126 702;
32458 7942260 310;
58:
0 4687872 12;
12 4687885 1024;
1036 4688911 1001;
2037 4690939 23;
2060 4690963 1024;
3084 4691988 1005;
4089 4694020 19;
4108 4694040 1007;
5115 4697101 17;
5132 4697119 1009;
6141 4699155 15;
6156 4699171 1011;
7167 4702236 13;
7180 4702250 1013;
8193 4716614 11;
8204 4716626 1015;
9219 4727911 9;
9228 4727921 911;
10139 4761668 113;
10252 4761782 913;
11165 7583121 7;
11172 7585176 104;
11276 7585281 31;
11307 7594400 232;
11539 7595120 14;
11553 7603608 240;
11793 7603976 384;
12177 7620809 123;
12300 7620933 903;
13203 7637241 121;
13324 7637363 905;
14229 7649565 119;
14348 7649685 907;
15255 7675240 117;
15372 7675358 909;
16281 7684483 115;
16396 7684599 911;
17307 7705023 113;
17420 7705137 913;
18333 7726590 111;
18444 7726702 915;
19359 7733762 6;
19365 7753292 103;
19468 7753396 923;
20391 7774859 101;
20492 7774961 925;
21417 7787183 99;
21516 7787283 927;
22443 7798480 97;
22540 7798578 206;
22746 7799304 203;
22949 7805669 615;
23564 7806285 411;
23975 7817993 613;
24588 7818607 413;
25001 7838533 611;
25612 7839145 415;
26027 7857019 609;
26636 7857629 417;
27053 7872424 607;
27660 7873032 419;
28079 7897072 16;
28095 7897608 491;
28586 7906315 98;
28684 7906414 928;
29612 7913504 96;
29708 7913601 930;
30638 7925828 94;
30732 7925923 932;
31664 7944314 92;
31756 7944407 934;
32690 7949449 78;
59:
0 4686338 12;
12 4686351 1024;
1036 4687377 495;
1531 4689912 529;
2060 4690442 497;
2557 4692993 527;
3084 4693521 499;
3583 4695047 525;
4108 4695573 1024;
5132 4696598 503;
5635 4698128 521;
6156 4698650 505;
6661 4700182 519;
7180 4700702 507;
7687 4711479 517;
8204 4711997 509;
8713 4750371 515;
9228 4750887 473;
9701 4769884 551;
10252 4770436 475;
10727 4779127 549;
11276 4779677 477;
11753 7606153 7;
11760 7617728 456;
12216 7618448 84;
12300 7618533 163;
12463 7618751 4;
12467 7636214 857;
13324 7637072 169;
13493 7651619 855;
14348 7652475 171;
14519 7674213 853;
15372 7675067 173;
15545 7688591 851;
16396 7689443 175;
16571 7701000 849;
17420 7701850 92;
17512 7724536 932;
18444 7725469 94;
18538 7744049 930;
19468 7744980 96;
19564 7765616 400;
19964 7766536 107;
20071 7778967 421;
20492 7779389 605;
21097 7801561 419;
21516 7801981 607;
22123 7808750 417;
22540 7809168 609;
23149 7824155 415;
23564 7824571 611;
24175 7850857 413;
24588 7851271 613;
25201 7861127 411;
25612 7861539 615;
26227 7873451 409;
26636 7873861 617;
27253 7892964 407;
27660 7893372 619;
28279 7916585 405;
28684 7916991 621;
29305 7930376 403;
29708 7930780 183;
29891 7939179 841;
30732 7940021 185;
30917 7951503 839;
31756 7952343 1012;
11:
0 4728832 12;
12 4728845 1003;
1015 4730864 21;
1036 4730887 1001;
2037 4732912 23;
2060 4732936 1003;
3063 4734966 21;
3084 4734988 1005;
4089 4738047 19;
4108 4738067 1024;
5132 4739092 1009;
6141 4741128 15;
6156 4741144 1011;
7167 4744209 13;
7180 4744223 1013;
8193 4760641 11;
8204 4760653 1015;
9219 4780154 9;
9228 4780164 1017;
10245 7618755 7;
10252 7618763 445;
10697 7619464 256;
10953 7619728 54;
11007 7635464 269;
11276 7635734 480;
11756 7639295 544;
12300 7639840 482;
12782 7657781 542;
13324 7658324 484;
13808 7670105 540;
14348 7670646 486;
14834 7690645 538;
15372 7691184 488;
15860 7702969 536;
16396 7703506 490;
16886 7722482 534;
17420 7723017 492;
17912 7728644 532;
18444 7729177 494;
18938 7745076 530;
19468 7745607 496;
19964 7759454 528;
20492 7759983 498;
20990 7775886 526;
21516 7776413 500;
22016 7791291 524;
22540 7791816 502;
23042 7815939 522;
23564 7816462 504;
24068 7833398 520;
24588 7833919 506;
25094 7842641 518;
25612 7843160 508;
26120 7862154 516;
26636 7862671 510;
27146 7878586 514;
27660 7879101 512;
28172 7898099 512;
28684 7898612 514;
29198 7911450 510;
29708 7911961 516;
30224 7930963 508;
30732 7931472 518;
31250 7940206 506;
31756 7940713 520;
32276 7950476 492;
51:
0 4729848 12;
12 4729861 1003;
1015 4731888 21;
1036 4731911 1001;
2037 4733939 23;
2060 4733963 1003;
3063 4735993 21;
3084 4736015 1024;
4108 4737040 1007;
5115 4740101 17;
5132 4740119 1009;
6141 4742155 15;
6156 4742171 1024;
7180 4743196 1013;
8193 4752425 11;
8204 4752437 1015;
9219 4768857 9;
9228 4768867 1017;
10245 4778100 7;
10252 4778108 1019;
11271 7608712 5;
11276 7608718 250;
11526 7609224 256;
11782 7609488 24;
11806 7624917 494;
12300 7625412 532;
12832 7648538 492;
13324 7649031 534;
13858 7661889 490;
14348 7662380 536;
14884 7685510 488;
15372 7685999 538;
15910 7698861 486;
16396 7699348 540;
16936 7720428 484;
17420 7720913 542;
17962 7737887 482;
18444 7738370 544;
18988 7754319 480;
19468 7754800 546;
20014 7762535 478;
20492 7763014 548;
21040 7782048 476;
21516 7782525 550;
22066 7797453 474;
22540 7797928 552;
23092 7814912 472;
23564 7815385 554;
24118 7829290 470;
24588 7829761 556;
25144 7849830 468;
25612 7850299 558;
26170 7860100 466;
26636 7860567 560;
27196 7864834 6;
27202 7884748 458;
27660 7885207 568;
28228 7905288 456;
28684 7905745 570;
29254 7926855 454;
29708 7927310 572;
30280 7930370 6;
30286 7941233 446;
30732 7941680 580;
31312 7948422 444;
31756 7948867 582;
32338 7953557 430;
4:
0 8886272 12;
12 8886285 1024;
1036 8887311 1024;
2060 8888336 1003;
3063 8890366 21;
3084 8890388 1005;
4089 8892420 19;
4108 8892440 1007;
5115 8895501 17;
5132 8895519 1009;
6141 8897555 15;
6156 8897571 1024;
7180 8898596 1013;
8193 8900636 11;
8204 8900648 1015;
9219 8903717 9;
9228 8903727 1017;
10245 8905771 7;
10252 8905779 1019;
11271 8907825 5;
11276 8907831 1021;
12297 8909879 3;
12300 8909883 1023;
13323 8913416 1;
13324 8913418 569;
13893 8915014 455;
14348 8915470 1024;
15372 8916495 573;
15945 8918095 451;
16396 8918547 575;
16971 8921176 449;
17420 8921626 577;
17997 8960088 447;
18444 8960536 579;
19023 8965223 445;
19468 8965669 581;
20049 8969331 443;
20492 8969775 465;
20957 9565693 559;
21516 9566253 467;
21983 9593422 557;
22540 9593980 469;
23009 9630394 555;
23564 9630950 471;
24035 9634306 6;
24041 9669420 547;
24588 9669968 479;
25067 9717689 545;
25612 9718235 481;
26093 9754661 543;
26636 9755205 483;
27119 9797353 51;
27170 9797405 40;
27210 9797446 186;
27396 9798152 17;
27413 9798171 48;
27461 9798220 98;
27559 9798320 20;
27579 9798341 33;
27612 9798375 5;
27617 9818534 43;
27660 9818578 983;
28643 9844209 41;
28684 9844251 985;
29669 9890481 39;
29708 9890521 987;
30695 9925009 37;
30732 9925047 989;
31721 9962177 35;
31756 9962213 991;
32747 9979636 21;
5:
0 8884224 12;
12 8884237 1024;
1036 8885263 1009;
2045 8889339 15;
2060 8889355 1011;
3071 8891393 13;
3084 8891407 1013;
4097 8893447 11;
4108 8893459 1024;
5132 8894484 1017;
6149 8896528 7;
6156 8896536 1019;
7175 8899609 5;
7180 8899615 1021;
8201 8901663 3;
8204 8901667 1024;
9228 8902692 1024;
10252 8904744 1024;
11276 8905769 2;
11278 8906798 1022;
12300 8907821 4;
12304 8908852 1020;
13324 8909873 6;
13330 8910906 1018;
14348 8911925 971;
15319 8913987 53;
15372 8914041 973;
16345 8917068 51;
16396 8917120 975;
17371 8919122 49;
17420 8919172 1024;
18444 8920197 979;
19423 8922203 45;
19468 8922249 887;
20355 8962142 137;
20492 8962280 889;
21381 8966250 135;
21516 8966386 891;
22407 9543099 133;
22540 9543233 893;
23433 9570828 131;
23564 9570960 895;
24459 9619097 129;
24588 9619227 897;
25485 9654015 127;
25612 9654143 899;
26511 9677636 125;
26636 9677762 901;
27537 9711527 123;
27660 9711651 903;
28563 9733094 121;
28684 9733216 905;
29589 9765808 119;
29708 9765928 30;
29738 9768012 948;
30686 9768968 46;
30732 9769015 24;
30756 9827777 1000;
31756 9828778 26;
31782 9869312 37;
31819 9870376 949;
7:
0 8923136 12;
12 8923149 1024;
1036 8924175 1009;
2045 8928251 15;
2060 8928267 1024;
3084 8929292 1013;
4097 8932359 11;
4108 8932371 1015;
5123 8934413 9;
5132 8934423 1017;
6149 8936467 7;
6156 8936475 1019;
7175 8939548 5;
7180 8939554 1021;
8201 8941602 3;
8204 8941606 1023;
9227 8943656 1;
9228 8943658 1024;
10252 8946184 1024;
11276 8947209 555;
11831 8948791 469;
12300 8949261 557;
12857 8950845 467;
13324 8951313 559;
13883 8953926 465;
14348 8954392 561;
14909 8955980 463;
15372 8956444 563;
15935 8958034 461;
16396 8958496 565;
16961 8963169 459;
17420 8963629 567;
17987 8968304 457;
18444 8968762 569;
19013 9562612 455;
19468 9563068 571;
20039 9598557 453;
20492 9599011 573;
21065 9623205 451;
21516 9623657 575;
22091 9649907 449;
22540 9650357 577;
23117 9684825 447;
23564 9685273 579;
24143 9707419 445;
24588 9707865 581;
25169 9748499 443;
25612 9748943 583;
26195 9795299 285;
26480 9795624 87;
26567 9795712 21;
26588 9795734 48;
26636 9795783 62;
26698 9795846 5;
26703 9795852 3;
26706 9795857 125;
26831 9795984 18;
26849 9796003 28;
26877 9796032 117;
26994 9796150 17;
27011 9796168 49;
27060 9796218 43;
27103 9796263 31;
27134 9796295 16;
27150 9796312 12;
27162 9796325 1;
27163 9831885 497;
27660 9832383 529;
28189 9865241 150;
28339 9865392 19;
28358 9865412 18;
28376 9865431 59;
28435 9865491 10;
28445 9865502 20;
28465 9865523 47;
28512 9865571 115;
28627 9865687 57;
28684 9865745 13;
28697 9865760 102;
28799 9865863 33;
28832 9865897 50;
28882 9865948 5;
28887 9865954 15;
28902 9865970 62;
28964 9866033 18;
28982 9866052 13;
28995 9866066 2;
28997 9866070 23;
29020 9866094 137;
29157 9866233 9;
29166 9866243 10;
29176 9866254 14;
29190 9866497 7;
29197 9899724 511;
29708 9900236 515;
30223 9922955 509;
30732 9923465 517;
31249 9952934 507;
31756 9953442 519;
32275 9974501 493;
6:
0 8925184 12;
12 8925197 1024;
1036 8926223 1024;
2060 8927248 1003;
3063 8930305 21;
3084 8930327 1024;
4108 8931352 1007;
5115 8933386 17;
5132 8933404 1009;
6141 8935440 15;
6156 8935456 1011;
7167 8937494 13;
7180 8937508 1024;
8204 8938533 1015;
9219 8940575 9;
9228 8940585 1017;
10245 8942629 7;
10252 8942637 1019;
11271 8944683 5;
11276 8944689 975;
12251 8946178 6;
12257 8947764 43;
12300 8947808 983;
13283 8949818 41;
13324 8949860 985;
14309 8951872 39;
14348 8951912 1024;
15372 8952937 989;
16361 8954953 35;
16396 8954989 991;
17387 8957007 33;
17420 8957041 993;
18413 8959061 31;
18444 8959093 995;
19439 8961115 29;
19468 8961145 997;
20465 8964196 27;
20492 8964224 999;
21491 8967277 25;
21516 8967303 1001;
22517 9551315 23;
22540 9551339 1003;
23543 9581098 21;
23564 9581120 1005;
24569 9627313 19;
24588 9627333 1007;
25595 9664285 17;
25612 9664303 1009;
26621 9702284 15;
26636 9702300 1011;
27647 9737202 13;
27660 9737216 1013;
28673 9772120 11;
28684 9772132 924;
29608 9823669 100;
29708 9823770 486;
30194 9824264 22;
30216 9824287 5;
30221 9824293 55;
30276 9824349 120;
30396 9824470 55;
30451 9824526 52;
30503 9824579 117;
30620 9862160 9;
30629 9862170 103;
30732 9862274 4;
30736 9862279 2;
30738 9862282 81;
30819 9862364 53;
30872 9862418 234;
31106 9862653 71;
31177 9862726 39;
31216 9862766 398;
31614 9863165 3;
31617 9904859 139;
31756 9904999 887;
32643 9937333 125;
15:
0 8972288 12;
12 8972301 1024;
1036 8973327 1024;
2060 8974352 1003;
3063 8976382 21;
3084 8976404 1005;
4089 8978952 19;
4108 8978972 1024;
5132 8979997 493;
5625 8981517 531;
6156 8982049 1024;
7180 8983074 497;
7677 8984598 527;
8204 8985126 499;
8703 8994826 525;
9228 8995352 501;
9729 8997907 523;
10252 8998431 503;
10755 9000988 521;
11276 9001510 505;
11781 9005096 519;
12300 9005616 507;
12807 9024549 517;
13324 9025067 509;
13833 9028657 515;
14348 9029173 511;
14859 9032765 513;
15372 9033279 513;
15885 9035846 511;
16396 9036358 515;
16911 9409589 509;
17420 9410099 517;
17937 9444507 507;
18444 9445015 519;
18963 9467101 505;
19468 9467607 521;
19989 9499965 503;
20492 9500469 523;
21015 9524613 501;
21516 9525115 525;
22041 9564666 499;
22540 9565166 527;
23067 9595476 497;
23564 9595974 529;
24093 9634502 495;
24588 9634998 531;
25119 9666339 221;
25340 9667080 272;
25612 9667353 13;
25625 9688933 1011;
26636 9689945 15;
26651 9728986 1009;
27660 9729996 17;
27677 9759796 1007;
28684 9760804 19;
28703 9782807 489;
29192 9805569 112;
29304 9812695 404;
29708 9813100 622;
30330 9859079 13;
30343 9859093 7;
30350 9859101 30;
30380 9859132 65;
30445 9859198 80;
30525 9859279 26;
30551 9859306 10;
30561 9859317 73;
30634 9859391 53;
30687 9859445 9;
30696 9859455 3;
30699 9859459 33;
30732 9859493 362;
31094 9859856 71;
31165 9859928 31;
31196 9859960 4;
31200 9859966 9;
31209 9859976 52;
31261 9860029 77;
31338 9894589 418;
31756 9895008 608;
32364 9927063 404;
14:
0 8970240 12;
12 8970253 1024;
1036 8971279 1009;
2045 8975355 15;
2060 8975371 1011;
3071 8977409 13;
3084 8977423 1009;
4093 8978946 6;
4099 8980490 9;
4108 8980500 1017;
5125 8983571 7;
5132 8983579 1019;
6151 8985625 5;
6156 8985631 993;
7149 8995853 31;
7180 8995885 995;
8175 8999961 29;
8204 8999991 997;
9201 9003042 27;
9228 9003070 999;
10227 9006123 25;
10252 9006149 955;
11207 9023522 69;
11276 9023592 957;
12233 9027630 67;
12300 9027698 959;
13259 9030711 65;
13324 9030777 961;
14285 9034819 63;
14348 9034883 963;
15311 9306626 6;
15317 9339394 6;
15323 9353238 49;
15372 9353288 977;
16349 9410616 47;
16396 9410664 979;
17375 9430129 45;
17420 9430175 981;
18401 9465047 43;
18444 9465091 983;
19427 9486614 41;
19468 9486656 985;
20453 9519478 39;
20492 9519518 987;
21479 9541045 37;
21516 9541083 989;
22505 9568774 35;
22540 9568810 991;
23531 9611908 33;
23564 9611942 993;
24557 9633475 31;
24588 9633507 285;
24873 9634312 190;
25063 9641691 549;
25612 9642241 477;
26089 9668393 547;
26636 9668941 479;
27115 9722824 545;
27660 9723370 481;
28141 9770066 543;
28684 9770610 398;
29082 9771048 45;
29127 9824696 31;
29158 9824728 31;
29189 9824760 18;
29207 9824779 19;
29226 9824799 91;
29317 9824891 24;
29341 9824916 31;
29372 9824948 52;
29424 9825001 24;
29448 9825026 125;
29573 9825152 58;
29631 9825211 22;
29653 9825234 55;
29708 9825290 104;
29812 9825395 33;
29845 9825429 41;
29886 9825471 17;
29903 9825489 31;
29934 9825521 202;
30136 9867295 180;
30316 9867476 16;
30332 9867493 6;
30338 9867500 16;
30354 9867518 6;
30360 9867525 10;
30370 9867537 14;
30384 9867553 56;
30440 9867610 17;
30457 9891508 275;
30732 9891784 751;
31483 9921928 273;
31756 9922202 753;
32509 9969366 259;
20:
0 9007104 12;
12 9007117 1024;
1036 9008143 1024;
2060 9009168 1024;
3084 9010193 1007;
4091 9011720 17;
4108 9011738 1024;
5132 9012763 1024;
6156 9013788 1024;
7180 9014813 1024;
8204 9015838 1024;
9228 9016863 1024;
10252 9017888 1024;
11276 9018913 1024;
12300 9019938 1024;
13324 9020963 505;
13829 9022495 519;
14348 9023015 507;
14855 9026603 517;
15372 9027121 509;
15881 9031738 515;
16396 9032254 511;
16907 9036873 513;
17420 9037387 437;
17857 9372162 6;
17863 9405481 581;
18444 9406063 445;
18889 9439372 579;
19468 9439952 447;
19915 9456831 577;
20492 9457409 449;
20941 9490722 575;
21516 9491298 451;
21967 9515370 573;
22540 9515944 453;
22993 9546180 571;
23564 9546752 455;
24019 9580071 569;
24588 9580641 457;
25045 9603692 567;
25612 9604260 459;
26071 9629367 565;
26636 9629933 461;
27097 9662231 563;
27660 9662795 463;
28123 9704338 561;
28684 9704900 465;
29149 9736175 559;
29708 9736735 467;
30175 9762877 557;
30732 9763435 469;
31201 9811668 555;
31756 9812224 471;
32227 9858052 19;
32246 9858072 7;
32253 9858080 166;
32419 9858247 142;
32561 9858390 57;
32618 9858448 101;
32719 9858550 49;
23:
0 8986624 12;
12 8986637 1024;
1036 8987663 1024;
2060 8988688 1024;
3084 8989713 1024;
4108 8990738 1024;
5132 8991763 1024;
6156 8992788 1024;
7180 8993813 1013;
8193 8996880 11;
8204 8996892 1015;
9219 8998934 9;
9228 8998944 1017;
10245 9002015 7;
10252 9002023 1019;
11271 9004069 5;
11276 9004075 1021;
12297 9011714 3;
12300 9011718 2;
12302 9021468 1022;
13324 9022491 4;
13328 9025576 1020;
14348 9026597 6;
14354 9029684 1018;
15372 9030703 8;
15380 9033792 1016;
16396 9034809 10;
16406 9357346 1014;
17420 9358361 12;
17432 9422940 1012;
18444 9423953 14;
18458 9445534 1010;
19468 9446545 16;
19484 9475317 1008;
20492 9476326 18;
20510 9506127 1006;
21516 9507134 20;
21536 9538991 1004;
22540 9539996 22;
22562 9578017 1002;
23564 9579020 24;
23588 9613962 1000;
24588 9614963 26;
24614 9644772 998;
25612 9645771 28;
25640 9674555 996;
26636 9675552 30;
26666 9699203 125;
26791 9699848 382;
27173 9724878 487;
27660 9725366 539;
28199 9757742 485;
28684 9758228 541;
29225 9793245 108;
29333 9793354 133;
29466 9793488 65;
29531 9793554 16;
29547 9793571 33;
29580 9793605 21;
29601 9793627 17;
29618 9793645 78;
29696 9793724 12;
29708 9793737 45;
29753 9793783 11;
29764 9793795 147;
29911 9793943 34;
29945 9793978 4;
29949 9793983 13;
29962 9793997 15;
29977 9794013 4;
29981 9794019 19;
30000 9794039 67;
30067 9794107 44;
30111 9794152 20;
30131 9794174 84;
30215 9794259 8;
30223 9794268 4;
30227 9843182 505;
30732 9843688 521;
31253 9887400 503;
31756 9887904 523;
32279 9896450 6;
32285 9933225 483;
30:
0 9037824 12;
12 9037837 107;
119 9038000 128;
247 9038320 256;
503 9039344 512;
1015 9040880 21;
1036 9040903 1001;
2037 9042931 23;
2060 9042955 1013;
3073 9044488 11;
3084 9044500 485;
3569 9046012 539;
4108 9046552 1024;
5132 9047577 489;
5621 9049093 535;
6156 9049629 491;
6647 9051147 533;
7180 9051681 1024;
8204 9052706 495;
8699 9054228 529;
9228 9054758 497;
9725 9056282 527;
10252 9056810 499;
10751 9059363 525;
11276 9059889 501;
11777 9062444 523;
12300 9062968 503;
12803 9103938 521;
13324 9104460 505;
13829 9231379 519;
14348 9231899 507;
14855 9265180 517;
15372 9265698 509;
15881 9313347 515;
16396 9313863 511;
16907 9362481 513;
17420 9362995 513;
17933 9436291 511;
18444 9436803 381;
18825 9437698 6;
18831 9471209 637;
19468 9471847 389;
19857 9488668 635;
20492 9489304 391;
20883 9518451 633;
21516 9519085 393;
21909 9537964 631;
22540 9538596 395;
22935 9594449 629;
23564 9595079 397;
23961 9625259 627;
24588 9625887 399;
24987 9656069 625;
25612 9656695 401;
26013 9687906 623;
26636 9688530 403;
27039 9716662 621;
27660 9717284 405;
28065 9753634 619;
28684 9754254 407;
29091 9773188 4;
29095 9777532 4;
29099 9810641 609;
29708 9811251 417;
30125 9837020 607;
30732 9837628 419;
31151 9897670 605;
31756 9898276 421;
32177 9926036 591;
29:
0 9037944 12;
12 9037957 43;
55 9038128 192;
247 9038576 768;
1015 9039856 21;
1036 9039879 1001;
2037 9041904 23;
2060 9041928 1003;
3063 9044985 21;
3084 9045007 1005;
4089 9048066 19;
4108 9048086 1007;
5115 9050120 17;
5132 9050138 1009;
6141 9053201 15;
6156 9053217 1011;
7167 9055255 13;
7180 9055269 1013;
8193 9057309 11;
8204 9057321 1024;
9228 9058346 1017;
10245 9060390 7;
10252 9060398 1024;
11276 9061423 1021;
12297 9063471 3;
12300 9063475 973;
13273 9107019 51;
13324 9107071 385;
13709 9236514 639;
14348 9237154 387;
14735 9263126 637;
15372 9263764 389;
15761 9306632 553;
16314 9321563 82;
16396 9321646 850;
17246 9415751 174;
17420 9415926 852;
18272 9438345 172;
18444 9438518 854;
19298 9470472 170;
19468 9470643 566;
20034 9492776 458;
20492 9493235 568;
21060 9528721 456;
21516 9529178 570;
22086 9561585 454;
22540 9562040 572;
23112 9602665 452;
23564 9603118 574;
24138 9640664 450;
24588 9641115 576;
25164 9689960 448;
25612 9690409 578;
26190 9719743 446;
26636 9720190 580;
27216 9741310 444;
27660 9741755 582;
28242 9773168 1;
28243 9773192 441;
28684 9773634 540;
29224 9804542 26;
29250 9804569 50;
29300 9804620 85;
29385 9804706 37;
29422 9804744 42;
29464 9804788 76;
29540 9804872 52;
29592 9804926 116;
29708 9805043 526;
30234 9860106 77;
30311 9860184 12;
30323 9860197 50;
30373 9860248 25;
30398 9860274 12;
30410 9860287 8;
30418 9860296 47;
30465 9860344 18;
30483 9860363 43;
30526 9860407 10;
30536 9860418 116;
30652 9860535 20;
30672 9860556 44;
30716 9860601 14;
30730 9860617 2;
30732 9860620 7;
30739 9860628 25;
30764 9860654 152;
30916 9860807 4;
30920 9860812 4;
30924 9860818 11;
30935 9860830 8;
30943 9860839 15;
30958 9860855 44;
31002 9860900 59;
31061 9860960 7;
31068 9860968 12;
31080 9860981 10;
31090 9860992 12;
31102 9861005 128;
31230 9861889 7;
31237 9861953 7;
31244 9893562 512;
31756 9894075 514;
32270 9907940 498;
39:
0 9064448 12;
12 9064461 1024;
1036 9065487 1024;
2060 9066512 1024;
3084 9067537 1024;
4108 9068562 1024;
5132 9069587 1024;
6156 9070612 1024;
7180 9071637 1003;
8183 9082371 21;
8204 9082393 1005;
9209 9085452 19;
9228 9085472 1007;
10235 9088533 17;
10252 9088551 1009;
11261 9090587 15;
11276 9090603 1011;
12287 9093668 13;
12300 9093682 1013;
13313 9097776 11;
13324 9097788 1015;
14339 9100857 9;
14348 9100867 1017;
15365 9104965 7;
15372 9104973 1019;
16391 9238568 5;
16396 9238574 1021;
17417 9249865 3;
17420 9249869 947;
18367 9273858 6;
18373 9305131 71;
18444 9305203 909;
19353 9360427 115;
19468 9360543 911;
20379 9426021 113;
20492 9426135 913;
21405 9451696 111;
21516 9451808 915;
22431 9478398 109;
22540 9478508 917;
23457 9516397 107;
23564 9516505 919;
24483 9547207 105;
24588 9547313 921;
25509 9571855 103;
25612 9571959 923;
26535 9608827 101;
26636 9608929 925;
27561 9651961 99;
27660 9652061 927;
28587 9680717 97;
28684 9680815 929;
29613 9700230 95;
29708 9700326 931;
30639 9743364 93;
30732 9743458 933;
31665 9765802 6;
31671 9769039 85;
31756 9769125 941;
32697 9799408 45;
32742 9799454 12;
32754 9799467 14;
46:
0 9072640 12;
12 9072653 1024;
1036 9073679 1024;
2060 9074704 1024;
3084 9075729 1007;
4091 9081344 17;
4108 9081362 1009;
5117 9083398 15;
5132 9083414 1011;
6143 9087506 13;
6156 9087520 1013;
7169 9092641 11;
7180 9092653 1015;
8195 9095722 9;
8204 9095732 1017;
9221 9098803 7;
9228 9098811 1019;
10247 9101884 5;
10252 9101890 1021;
11273 9105992 3;
11276 9105996 1023;
12299 9241649 1;
12300 9241651 1024;
13324 9268261 1024;
14348 9269286 2;
14350 9318482 1022;
15372 9319505 4;
15376 9366589 963;
16339 9434237 57;
16396 9434295 969;
17365 9472236 55;
17420 9472292 971;
18391 9496884 53;
18444 9496938 973;
19417 9529748 51;
19468 9529800 975;
20443 9552342 49;
20492 9552392 977;
21469 9583152 47;
21516 9583200 979;
22495 9628340 45;
22540 9628386 981;
23521 9648880 43;
23564 9648924 983;
24547 9672501 41;
24588 9672543 985;
25573 9710500 39;
25612 9710540 987;
26599 9740283 37;
26636 9740321 989;
27625 9777536 35;
27660 9777572 710;
28370 9809614 314;
28684 9809929 712;
29396 9834966 312;
29708 9835279 714;
30422 9877565 310;
30732 9877876 716;
31448 9930144 308;
31756 9930453 718;
32474 9956015 294;
47:
0 9107456 12;
12 9107469 1024;
1036 9108495 1009;
2045 9110024 15;
2060 9110040 1024;
3084 9111065 1024;
4108 9112090 1024;
5132 9113115 1024;
6156 9114140 1024;
7180 9115165 1024;
8204 9116190 1024;
9228 9117215 1024;
10252 9118240 1024;
11276 9119265 479;
11755 9177158 545;
12300 9177704 481;
12781 9232406 543;
13324 9232950 483;
13807 9267234 541;
14348 9267776 485;
14833 9307185 539;
15372 9307725 487;
15859 9417805 537;
16396 9418343 489;
16885 9449642 535;
17420 9450178 491;
17911 9481479 533;
18444 9482013 493;
18937 9507154 531;
19468 9507686 495;
19963 9548234 529;
20492 9548764 497;
20989 9585206 527;
21516 9585734 499;
22015 9616016 525;
22540 9616542 501;
23041 9655042 523;
23564 9655566 503;
24067 9682771 521;
24588 9683293 505;
25093 9712554 519;
25612 9713074 507;
26119 9746445 517;
26636 9746963 509;
27145 9775201 515;
27660 9775717 511;
28171 9802625 7;
28178 9869306 6;
28184 9871403 500;
28684 9871904 526;
29210 9903832 498;
29708 9904331 528;
30236 9953961 496;
30732 9954458 530;
31262 9975528 494;
31756 9976023 532;
32288 9986825 480;
45:
0 9077250 12;
12 9077263 1024;
1036 9078289 1024;
2060 9079314 1024;
3084 9080339 1005;
4089 9084425 19;
4108 9084445 1007;
5115 9086479 17;
5132 9086497 1009;
6141 9089560 15;
6156 9089576 1011;
7167 9091614 13;
7180 9091628 1013;
8193 9094695 11;
8204 9094707 1015;
9219 9096749 9;
9228 9096759 1017;
10245 9099830 7;
10252 9099838 1019;
11271 9102911 5;
11276 9102917 1021;
12297 9239595 3;
12300 9239599 977;
13277 9248838 47;
13324 9248886 979;
14303 9354265 45;
14348 9354311 981;
15329 9411643 43;
15372 9411687 983;
16355 9446561 41;
16396 9446603 985;
17381 9474290 39;
17420 9474330 987;
18407 9500992 37;
18444 9501030 989;
19433 9527694 35;
19468 9527730 991;
20459 9545153 33;
20492 9545187 993;
21485 9589314 31;
21516 9589346 995;
22511 9617043 29;
22540 9617073 997;
23537 9661204 27;
23564 9661232 999;
24563 9696122 25;
24588 9696148 1001;
25589 9718716 23;
25612 9718740 1003;
26615 9732610 6;
26621 9766985 15;
26636 9767001 1011;
27647 9768961 7;
27654 9771047 1;
27655 9846263 5;
27660 9846269 515;
28175 9846816 474;
28649 9874484 35;
28684 9874520 991;
29675 9920901 33;
29708 9920935 993;
30701 9938360 31;
30732 9938392 995;
31727 9964231 29;
31756 9964261 997;
32753 9983744 15;
52:
0 9119744 12;
12 9119757 1024;
1036 9120783 1024;
2060 9121808 1024;
3084 9122833 1024;
4108 9123858 1024;
5132 9124883 1024;
6156 9125908 1024;
7180 9126933 1024;
8204 9127958 1024;
9228 9128983 1024;
10252 9130008 1024;
11276 9131033 999;
12275 9142786 6;
12281 9170996 19;
12300 9171016 1007;
13307 9174077 17;
13324 9174095 945;
14269 9233433 79;
14348 9233513 947;
15295 9241090 6;
15301 9244730 71;
15372 9244802 955;
16327 9270315 69;
16396 9270385 911;
17307 9356319 113;
17420 9356433 913;
18333 9404930 6;
18339 9421913 105;
18444 9422019 921;
19365 9447588 103;
19468 9447692 923;
20391 9479425 101;
20492 9479527 925;
21417 9509208 99;
21516 9509308 927;
22443 9526667 97;
22540 9526765 929;
23469 9559531 95;
23564 9559627 931;
24495 9579044 93;
24588 9579138 933;
25521 9621151 91;
25612 9621243 935;
26547 9676609 89;
26636 9676699 937;
27573 9706392 87;
27660 9706480 939;
28599 9745418 85;
28684 9745504 941;
29625 9800434 21;
29646 9800456 28;
29674 9800485 34;
29708 9800520 101;
29809 9800622 21;
29830 9800644 56;
29886 9800702 13;
29899 9800716 9;
29908 9800727 81;
29989 9800809 54;
30043 9800864 63;
30106 9800929 7;
30113 9800937 4;
30117 9800942 26;
30143 9800969 37;
30180 9801008 12;
30192 9801021 27;
30219 9801049 47;
30266 9801097 2;
30268 9801100 40;
30308 9801141 52;
30360 9801194 7;
30367 9801202 54;
30421 9801257 56;
30477 9801314 24;
30501 9801339 31;
30532 9801371 66;
30598 9801438 3;
30601 9801442 19;
30620 9830920 112;
30732 9831033 852;
31584 9847290 172;
31756 9847463 854;
32610 9872430 158;
37:
0 9132032 12;
12 9132045 1024;
1036 9133071 1024;
2060 9134096 1024;
3084 9135121 1024;
4108 9136146 1024;
5132 9137171 1024;
6156 9138196 1024;
7180 9139221 1024;
8204 9140246 1024;
9228 9141271 1001;
10229 9142792 23;
10252 9142816 1024;
11276 9143841 1024;
12300 9144866 1024;
13324 9145891 477;
13801 9172023 547;
14348 9172571 479;
14827 9175560 545;
15372 9176106 25;
15397 9178185 951;
16348 9237541 48;
16396 9237590 978;
17374 9264153 46;
17420 9264200 980;
18400 9314374 44;
18444 9314419 982;
19426 9423967 42;
19468 9424010 984;
20452 9443480 40;
20492 9443521 986;
21478 9466074 38;
21516 9466113 988;
22504 9495857 36;
22540 9495894 990;
23530 9503234 6;
23536 9531802 28;
23564 9531831 998;
24562 9567747 26;
24588 9567774 482;
25070 9568770 4;
25074 9586233 538;
25612 9586772 488;
26100 9620124 536;
26636 9620661 490;
27126 9635529 534;
27660 9636064 492;
28152 9665312 532;
28684 9665845 494;
29178 9698176 530;
29708 9698707 496;
30204 9721797 528;
30732 9722326 498;
31230 9751580 526;
31756 9752107 500;
32256 9798380 2;
32258 9798383 36;
32294 9798420 192;
32486 9798613 282;
44:
0 9146368 12;
12 9146381 1024;
1036 9147407 1009;
2045 9153537 15;
2060 9153553 1011;
3071 9156618 13;
3084 9156632 1013;
4097 9158672 11;
4108 9158684 1015;
5123 9160726 9;
5132 9160736 1017;
6149 9162780 7;
6156 9162788 1019;
7175 9164834 5;
7180 9164840 1021;
8201 9166888 3;
8204 9166892 1023;
9227 9168942 1;
9228 9168944 1024;
10252 9176131 1024;
11276 9177156 2;
11278 9230352 1022;
12300 9231375 4;
12304 9245757 1020;
13324 9246778 6;
13330 9266207 1018;
14348 9267226 8;
14356 9315401 1016;
15372 9316418 10;
15382 9407535 1014;
16396 9408550 12;
16408 9431156 1012;
17420 9432169 14;
17434 9458885 1010;
18444 9459896 16;
18460 9482506 1008;
19468 9483515 18;
19486 9521532 1006;
20492 9522539 20;
20512 9554396 1004;
21516 9555401 22;
21538 9575963 1002;
22540 9576966 24;
22564 9600611 413;
22977 9601544 94;
23071 9624232 493;
23564 9624726 533;
24097 9650934 491;
24588 9651426 535;
25123 9667074 6;
25129 9694068 483;
25612 9694552 543;
26155 9731040 481;
26636 9731522 545;
27181 9771093 479;
27660 9771573 547;
28207 9838047 477;
28684 9838525 549;
29233 9863682 4;
29237 9863687 5;
29242 9863693 8;
29250 9863702 2;
29252 9889454 456;
29708 9889911 570;
30278 9906913 454;
30732 9907368 572;
31304 9939387 452;
31756 9939840 574;
32330 9970393 438;
63:
0 9148416 12;
12 9148429 1024;
1036 9149455 1024;
2060 9150480 1024;
3084 9151505 1024;
4108 9152530 1007;
5115 9154564 17;
5132 9154582 1024;
6156 9155607 1011;
7167 9157645 13;
7180 9157659 1013;
8193 9159699 11;
8204 9159711 1015;
9219 9161753 9;
9228 9161763 1017;
10245 9163807 7;
10252 9163815 1019;
11271 9165861 5;
11276 9165867 1021;
12297 9167915 3;
12300 9167919 1023;
13323 9169969 1;
13324 9169971 1024;
14348 9173050 1024;
15372 9174075 2;
15374 9175554 6;
15380 9208322 6;
15386 9228298 1010;
16396 9229309 16;
16412 9246784 1008;
17420 9247793 18;
17438 9311293 1006;
18444 9312300 20;
18464 9361454 1004;
19468 9362459 22;
19490 9432183 1002;
20492 9433186 24;
20516 9464020 1000;
21516 9465021 26;
21542 9491749 998;
22540 9492748 28;
22568 9510235 996;
23564 9511232 30;
23594 9555423 994;
24588 9556418 32;
24620 9573909 992;
25612 9574902 34;
25646 9605746 990;
26636 9606737 36;
26672 9637583 988;
27660 9638572 38;
27698 9667366 986;
28684 9668353 40;
28724 9693041 984;
29708 9694026 42;
29750 9730013 982;
30732 9730996 44;
30776 9750553 980;
31756 9751534 46;
31802 9842155 966;
60:
0 9185280 12;
12 9185293 1024;
1036 9186319 1024;
2060 9187344 1024;
3084 9188369 1024;
4108 9189394 1024;
5132 9190419 1024;
6156 9191444 1024;
7180 9192469 1013;
8193 9194509 11;
8204 9194521 1015;
9219 9196563 9;
9228 9196573 1017;
10245 9198617 7;
10252 9198625 1019;
11271 9200671 5;
11276 9200677 1024;
12300 9201702 1023;
13323 9204779 1;
13324 9204781 1024;
14348 9206833 975;
15323 9208887 49;
15372 9208937 919;
16291 9242676 105;
16396 9242782 921;
17317 9269288 103;
17420 9269392 923;
18343 9320536 101;
18444 9320638 925;
19369 9418832 99;
19468 9418932 927;
20395 9450669 97;
20492 9450767 929;
21421 9476344 95;
21516 9476440 931;
22447 9508181 93;
22540 9508275 933;
23473 9532829 91;
23564 9532921 935;
24499 9566720 89;
24588 9566810 937;
25525 9606773 87;
25612 9606861 939;
26551 9639637 85;
26636 9639723 941;
27577 9681744 83;
27660 9681828 943;
28603 9725905 81;
28684 9725987 945;
29629 9747472 79;
29708 9747552 947;
30655 9778282 77;
30732 9778360 840;
31572 9826750 184;
31756 9826935 842;
32598 9830914 6;
32604 9848317 164;
55:
0 9179136 12;
12 9179149 1024;
1036 9180175 1024;
2060 9181200 1024;
3084 9182225 1024;
4108 9183250 1024;
5132 9184275 1005;
6137 9193482 19;
6156 9193502 1007;
7163 9195536 17;
7180 9195554 1009;
8189 9197590 15;
8204 9197606 1011;
9215 9199644 13;
9228 9199658 1013;
10241 9202725 11;
10252 9202737 1024;
11276 9203762 1017;
12293 9205806 7;
12300 9205814 1019;
13319 9208328 5;
13324 9208334 553;
13877 9219085 471;
14348 9219557 539;
14887 9234460 485;
15372 9234946 541;
15913 9247811 483;
16396 9248295 543;
16939 9308212 481;
17420 9308694 545;
17965 9420886 479;
18444 9421366 547;
18991 9454777 477;
19468 9455255 549;
20017 9480452 475;
20492 9480928 551;
21043 9503240 473;
21516 9503714 359;
21875 9530775 665;
22540 9531441 361;
22901 9557477 663;
23564 9558141 363;
23927 9587260 661;
24588 9587922 365;
24953 9614989 659;
25612 9615649 367;
25979 9646826 657;
26636 9647484 369;
27005 9690987 655;
27660 9691643 371;
28031 9738229 653;
28684 9738883 373;
29057 9779792 544;
29601 9813722 107;
29708 9813830 186;
29894 9828804 838;
30732 9829643 188;
30920 9876538 836;
31756 9877375 190;
31946 9908967 822;
13:
0 9220096 12;
12 9220109 1024;
1036 9221135 1024;
2060 9222160 1024;
3084 9223185 1024;
4108 9224210 1024;
5132 9225235 1024;
6156 9226260 1024;
7180 9227285 1013;
8193 9229325 11;
8204 9229337 1015;
9219 9241096 9;
9228 9241106 543;
9771 9243703 481;
10252 9244185 545;
10797 9312320 479;
11276 9312800 547;
11823 9406508 477;
12300 9406986 549;
12849 9433210 475;
13324 9433686 551;
13875 9459912 473;
14348 9460386 553;
14901 9497911 471;
15372 9498383 555;
15927 9533856 469;
16396 9534326 557;
16953 9556450 467;
17420 9556918 559;
17979 9582125 465;
18444 9582591 561;
19005 9609854 463;
19468 9610318 563;
20031 9645799 461;
20492 9646261 565;
21057 9685852 459;
21516 9686312 567;
22083 9705365 457;
22540 9705823 569;
23109 9727959 455;
23564 9728415 571;
24135 9774174 453;
24588 9774628 573;
25161 9822642 451;
25612 9823094 575;
26187 9857025 83;
26270 9857109 23;
26293 9857133 29;
26322 9857164 28;
26350 9857193 11;
26361 9857205 21;
26382 9857228 224;
26606 9857453 21;
26627 9857475 9;
26636 9857485 533;
27169 9858019 7;
27176 9858027 17;
27193 9858045 7;
27200 9929224 460;
27660 9929685 459;
28119 9941441 565;
28684 9942007 461;
29145 9968339 563;
29708 9968903 463;
30171 9982717 561;
30732 9983279 465;
31197 9995041 559;
31756 9995601 467;
32223 10004284 545;
12:
0 9209856 12;
12 9209869 1024;
1036 9210895 1024;
2060 9211920 1024;
3084 9212945 1024;
4108 9213970 1024;
5132 9214995 1024;
6156 9216020 1024;
7180 9217045 1024;
8204 9218070 1015;
9219 9235487 9;
9228 9235497 1017;
10245 9262099 7;
10252 9262107 1019;
11271 9309239 5;
11276 9309245 1021;
12297 9363508 3;
12300 9363512 1023;
13323 9428075 1;
13324 9428077 1024;
14348 9455804 1024;
15372 9456829 2;
15374 9489695 1022;
16396 9490718 4;
16400 9511262 1020;
17420 9512283 6;
17426 9534883 605;
18031 9560558 413;
18444 9560972 613;
19057 9591368 411;
19468 9591780 615;
20083 9626286 409;
20492 9626696 617;
21109 9671474 407;
21516 9671882 619;
22135 9703311 405;
22540 9703717 621;
23161 9732067 29;
23190 9732616 374;
23564 9732991 103;
23667 9758769 921;
24588 9759691 105;
24693 9796326 7;
24700 9796334 24;
24724 9796359 42;
24766 9796402 53;
24819 9796456 27;
24846 9796484 53;
24899 9796538 46;
24945 9796585 15;
24960 9796601 28;
24988 9796630 65;
25053 9796697 42;
25095 9796740 6;
25101 9796747 49;
25150 9796798 36;
25186 9796835 134;
25320 9796970 95;
25415 9797066 192;
25607 9797259 5;
25612 9797265 8;
25620 9797274 58;
25678 9797333 20;
25698 9839074 938;
26636 9840013 88;
26724 9878592 936;
27660 9879529 23;
27683 9905886 1001;
28684 9906888 25;
28709 9935279 999;
29708 9936279 27;
29735 9967312 997;
30732 9968310 29;
30761 9976555 995;
31756 9977551 31;
31787 9989906 981;
31:
0 9250816 12;
12 9250829 1024;
1036 9251855 1024;
2060 9252880 1024;
3084 9253905 1024;
4108 9254930 1024;
5132 9255955 1024;
6156 9256980 1024;
7180 9258005 1024;
8204 9259030 1024;
9228 9260055 1024;
10252 9261080 1019;
11271 9317455 5;
11276 9317461 1021;
12297 9412670 3;
12300 9412674 1023;
13323 9441426 1;
13324 9441428 1024;
14348 9462993 1024;
15372 9464018 2;
15374 9502019 701;
16075 9522559 321;
16396 9522881 705;
17101 9563639 319;
17420 9563959 707;
18127 9596503 317;
18444 9596821 709;
19153 9638610 315;
19468 9638926 711;
20179 9675582 313;
20492 9675896 713;
21205 9723851 311;
21516 9724163 715;
22231 9752607 309;
22540 9752917 717;
23257 9780336 307;
23564 9780644 604;
24168 9794945 7;
24175 9795603 5;
24180 9795610 6;
24186 9795617 7;
24193 9835993 395;
24588 9836389 631;
25219 9866268 25;
25244 9866294 12;
25256 9866308 26;
25282 9866336 13;
25295 9866351 49;
25344 9866401 9;
25353 9866411 46;
25399 9866458 17;
25416 9866476 12;
25428 9866489 7;
25435 9866504 24;
25459 9866529 143;
25602 9866673 10;
25612 9866684 57;
25669 9866742 280;
25949 9867023 68;
26017 9867092 11;
26028 9867104 10;
26038 9867115 15;
26053 9867131 22;
26075 9867154 29;
26104 9867184 19;
26123 9867204 10;
26133 9867215 80;
26213 9898697 423;
26636 9899121 603;
27239 9940414 421;
27660 9940836 605;
28265 9961150 322;
28587 9961992 97;
28684 9962090 87;
28771 9972447 937;
29708 9973385 89;
29797 9985798 935;
30732 9986734 91;
30823 10000176 933;
31756 10001110 93;
31849 10009419 919;
36:
0 9271296 12;
12 9271309 1024;
1036 9272335 1009;
2045 9273864 15;
2060 9273880 1024;
3084 9274905 1024;
4108 9275930 1024;
5132 9276955 485;
5617 9282561 539;
6156 9283101 487;
6643 9284615 537;
7180 9285153 479;
7659 9293834 545;
8204 9294380 481;
8685 9295888 543;
9228 9296432 483;
9711 9298969 541;
10252 9299511 485;
10737 9302050 539;
11276 9302590 487;
11763 9304104 537;
12300 9304642 489;
12789 9319509 535;
13324 9320045 491;
13815 9359400 533;
14348 9359934 493;
14841 9416778 531;
15372 9417310 495;
15867 9437704 529;
16396 9438234 111;
16507 9468128 913;
17420 9469042 113;
17533 9494830 911;
18444 9495742 115;
18559 9525640 909;
19468 9526550 117;
19585 9549261 907;
20492 9550169 119;
20611 9574936 905;
21516 9575842 121;
21637 9601638 903;
22540 9602542 123;
22663 9658123 901;
23564 9659025 125;
23689 9683798 899;
24588 9684698 127;
24715 9715635 897;
25612 9716533 129;
25741 9755688 895;
26636 9756584 131;
26767 9819561 599;
27366 9832912 294;
27660 9833207 732;
28392 9861133 26;
28418 9861160 19;
28437 9861180 106;
28543 9861287 14;
28557 9861302 12;
28569 9861315 5;
28574 9861321 50;
28624 9861372 41;
28665 9861414 5;
28670 9861420 14;
28684 9861436 3;
28687 9861440 27;
28714 9861468 50;
28764 9861519 130;
28894 9861650 30;
28924 9861681 6;
28930 9861688 23;
28953 9861712 31;
28984 9861744 96;
29080 9861841 19;
29099 9861861 27;
29126 9861896 20;
29146 9861917 12;
29158 9861930 22;
29180 9861960 30;
29210 9861991 48;
29258 9862040 60;
29318 9862101 34;
29352 9862136 11;
29363 9862148 12;
29375 9892535 333;
29708 9892869 693;
30401 9902805 331;
30732 9903137 695;
31427 9934252 329;
31756 9934582 697;
32453 9957042 315;
38:
0 9285632 12;
12 9285645 1024;
1036 9286671 1024;
2060 9287696 1024;
3084 9288721 1024;
4108 9289746 1024;
5132 9290771 1024;
6156 9291796 1011;
7167 9296915 13;
7180 9296929 1013;
8193 9301023 11;
8204 9301035 1015;
9219 9310266 9;
9228 9310276 1017;
10245 9365562 7;
10252 9365570 1019;
11271 9435264 5;
11276 9435270 1021;
12297 9460939 3;
12300 9460943 1023;
13323 9504073 1;
13324 9504075 1024;
14348 9540018 1024;
15372 9541043 2;
15374 9590341 1022;
16396 9591364 4;
16400 9622178 1020;
17420 9623199 6;
17426 9643745 1018;
18444 9644764 8;
18452 9673528 1016;
19468 9674545 10;
19478 9708446 1014;
20492 9709461 12;
20504 9749526 1012;
21516 9750539 14;
21530 9803515 27;
21557 9803543 35;
21592 9803580 65;
21657 9803646 61;
21718 9803709 26;
21744 9803736 43;
21787 9803780 102;
21889 9803883 61;
21950 9803945 47;
21997 9803993 104;
22101 9804098 64;
22165 9804163 107;
22272 9804271 24;
22296 9804296 54;
22350 9804351 35;
22385 9804387 51;
22436 9804439 50;
22486 9804490 52;
22538 9804866 2;
22540 9804870 2;
22542 9824257 7;
22549 9869349 1015;
23564 9870365 11;
23575 9912048 272;
23847 9931171 741;
24588 9931913 285;
24873 9958069 739;
25612 9958809 287;
25899 9971420 737;
26636 9972158 289;
26925 9984771 735;
27660 9985507 291;
27951 9994014 226;
28177 9994760 281;
28458 9999149 226;
28684 9999376 800;
29484 10012500 224;
29708 10012725 802;
30510 10016608 222;
30732 10016831 804;
31536 10019689 220;
31756 10019910 1012;
28:
0 9277440 12;
12 9277453 1024;
1036 9278479 1024;
2060 9279504 1024;
3084 9280529 1024;
4108 9281554 1007;
5115 9283588 17;
5132 9283606 1009;
6141 9292807 15;
6156 9292823 1011;
7167 9294861 13;
7180 9294875 1013;
8193 9297942 11;
8204 9297954 1015;
9219 9299996 9;
9228 9300006 1017;
10245 9303077 7;
10252 9303085 1019;
11271 9316428 5;
11276 9316434 1021;
12297 9413697 3;
12300 9413701 1023;
13323 9452723 1;
13324 9452725 1024;
14348 9477371 1024;
15372 9478396 2;
15374 9505100 1022;
16396 9506123 4;
16400 9536008 929;
17329 9572882 91;
17420 9572974 935;
18355 9607800 89;
18444 9607890 937;
19381 9632448 87;
19468 9632536 939;
20407 9663258 85;
20492 9663344 941;
21433 9709473 83;
21516 9709557 943;
22459 9742337 81;
22540 9742419 945;
23485 9792218 13;
23498 9792234 15;
23513 9792250 16;
23529 9792267 35;
23564 9792303 98;
23662 9792402 21;
23683 9792424 20;
23703 9792445 181;
23884 9792628 82;
23966 9792711 286;
24252 9792998 128;
24380 9793127 27;
24407 9793155 62;
24469 9793218 27;
24496 9840101 92;
24588 9840194 934;
25522 9875511 90;
25612 9875602 936;
26548 9909994 88;
26636 9910083 938;
27574 9929218 6;
27580 9942468 80;
27660 9942549 946;
28606 9960123 78;
28684 9960202 948;
29632 9978609 76;
29708 9978686 950;
30658 9990933 74;
30732 9991008 952;
31684 10003257 72;
31756 10003330 954;
32710 10011473 58;
22:
0 9324544 12;
12 9324557 1024;
1036 9325583 1024;
2060 9326608 1024;
3084 9327633 1005;
4089 9330692 19;
4108 9330712 1007;
5115 9333773 17;
5132 9333791 1024;
6156 9334816 1011;
7167 9336854 13;
7180 9336868 1013;
8193 9339400 11;
8204 9339412 523;
8727 9348103 501;
9228 9348605 525;
9753 9352211 499;
10252 9352711 527;
10779 9364535 497;
11276 9365033 529;
11805 9429102 495;
12300 9429598 531;
12831 9461966 493;
13324 9462460 533;
13857 9484560 491;
14348 9485052 535;
14883 9514343 489;
15372 9514833 537;
15909 9544126 487;
16396 9544614 539;
16935 9569801 485;
17420 9570287 541;
17961 9604719 483;
18444 9605203 543;
18987 9636556 481;
19468 9637038 545;
20013 9659150 479;
20492 9659630 547;
21039 9686879 477;
21516 9687357 549;
22065 9714608 475;
22540 9715084 551;
23091 9744391 473;
23564 9744865 553;
24117 9794272 3;
24120 9794276 10;
24130 9794287 110;
24240 9794398 15;
24255 9794414 137;
24392 9794552 16;
24408 9794569 180;
24588 9794750 38;
24626 9794789 11;
24637 9794801 4;
24641 9794806 2;
24643 9794809 24;
24667 9794834 15;
24682 9794850 94;
24776 9794952 11;
24787 9794964 335;
25122 9829831 490;
25612 9830322 78;
25690 9863704 77;
25767 9863782 4;
25771 9863787 9;
25780 9863797 12;
25792 9863810 59;
25851 9863870 28;
25879 9863899 23;
25902 9863923 162;
26064 9864086 14;
26078 9864101 4;
26082 9864106 9;
26091 9864116 6;
26097 9864123 2;
26099 9864127 8;
26107 9864136 11;
26118 9864148 24;
26142 9864173 16;
26158 9864190 24;
26182 9888427 454;
26636 9888882 572;
27208 9923982 452;
27660 9924435 574;
28234 9944522 450;
28684 9944973 115;
28799 9965258 909;
29708 9966168 117;
29825 9980663 907;
30732 9981571 119;
30851 9996068 905;
31756 9996974 121;
31877 10006338 891;
21:
0 9322496 12;
12 9322509 1024;
1036 9323535 1009;
2045 9328638 15;
2060 9328654 1024;
3084 9329679 1013;
4097 9331719 11;
4108 9331731 1024;
5132 9332756 1017;
6149 9335827 7;
6156 9335835 1019;
7175 9337881 5;
7180 9337887 993;
8173 9339935 31;
8204 9339967 961;
9165 9349130 63;
9228 9349194 963;
10191 9351184 61;
10252 9351246 965;
11217 9355292 59;
11276 9355352 967;
12243 9414724 57;
12300 9414782 969;
13269 9453750 55;
13324 9453806 971;
14295 9470466 6;
14301 9493803 47;
14348 9493851 979;
15327 9520505 45;
15372 9520551 981;
16353 9553369 43;
16396 9553413 983;
17379 9576990 41;
17420 9577032 985;
18405 9599584 39;
18444 9599624 987;
19431 9647853 37;
19468 9647891 989;
20457 9692014 35;
20492 9692050 991;
21483 9726932 33;
21516 9726966 993;
22509 9756715 31;
22540 9756747 995;
23535 9776228 29;
23564 9776258 894;
24458 9820752 130;
24588 9820883 732;
25320 9841128 292;
25612 9841421 734;
26346 9886373 290;
26636 9886664 736;
27372 9928090 288;
27660 9928379 325;
27985 9943495 699;
28684 9944195 327;
29011 9977582 697;
29708 9978280 329;
30037 9988879 695;
30732 9989575 331;
31063 9997095 693;
31756 9997789 333;
32089 10008392 679;
61:
0 9367552 12;
12 9367565 1024;
1036 9368591 1024;
2060 9369616 1024;
3084 9370641 1007;
4091 9372168 17;
4108 9372186 1024;
5132 9373211 1024;
6156 9374236 1024;
7180 9375261 1024;
8204 9376286 1024;
9228 9377311 1024;
10252 9378336 1024;
11276 9379361 1024;
12300 9380386 1024;
13324 9381411 477;
13801 9404936 545;
14346 9419859 2;
14348 9419862 1024;
15372 9442454 1024;
16396 9443479 1;
16397 9469155 797;
17194 9487641 226;
17420 9487868 800;
18220 9512289 224;
18444 9512514 802;
19246 9536937 222;
19468 9537160 804;
20272 9584179 220;
20492 9584400 806;
21298 9610881 218;
21516 9611100 808;
22324 9652988 216;
22540 9653205 810;
23350 9678663 214;
23564 9678878 812;
24376 9713581 212;
24588 9713794 814;
25402 9739256 210;
25612 9739467 816;
26428 9763904 208;
26636 9764113 751;
27387 9802488 39;
27426 9802528 96;
27522 9802632 105;
27627 9802738 33;
27660 9802773 108;
27768 9802882 72;
27840 9802955 188;
28028 9803144 30;
28058 9803175 100;
28158 9803276 154;
28312 9803431 12;
28324 9803444 38;
28362 9803483 32;
28394 9845236 290;
28684 9845527 736;
29420 9873457 288;
29708 9873746 738;
30446 9900751 286;
30732 9901038 740;
31472 9951907 284;
31756 9952192 742;
32498 9963204 270;
62:
0 9340928 12;
12 9340941 1024;
1036 9341967 1024;
2060 9342992 1024;
3084 9344017 1024;
4108 9345042 1024;
5132 9346067 1024;
6156 9347092 1011;
7167 9350157 13;
7180 9350171 1013;
8193 9358373 11;
8204 9358385 1015;
9219 9427048 9;
9228 9427058 1017;
10245 9457858 7;
10252 9457866 1019;
11271 9485587 5;
11276 9485593 1021;
12297 9523586 3;
12300 9523590 1023;
13323 9542072 1;
13324 9542074 1024;
14348 9588287 1024;
15372 9589312 2;
15374 9612935 1022;
16396 9613958 4;
16400 9642718 1020;
17420 9643739 6;
17426 9670447 1018;
18444 9671466 8;
18452 9695095 1016;
19468 9696112 10;
19478 9720770 1014;
20492 9721785 12;
20504 9760823 1012;
21516 9761836 14;
21530 9821615 1010;
22540 9822626 16;
22556 9896643 1008;
23564 9897652 18;
23582 9932198 1006;
24588 9933205 20;
24608 9959096 1004;
25612 9960101 22;
25634 9973474 1002;
26636 9974477 24;
26660 9992987 1000;
27660 9993988 26;
27686 9998122 998;
28684 9999121 28;
28712 10005311 996;
29708 10006308 30;
29738 10013527 994;
30732 10014522 32;
30764 10015581 992;
31756 10016574 34;
31790 10017635 978;
53:
0 9381944 12;
12 9381957 1024;
1036 9382983 1001;
2037 9384432 23;
2060 9384456 1003;
3063 9388022 21;
3084 9388044 1005;
4089 9390076 19;
4108 9390096 1007;
5115 9392130 17;
5132 9392148 1009;
6141 9394184 15;
6156 9394200 1024;
7180 9395225 1013;
8193 9397265 11;
8204 9397277 1015;
9219 9399319 9;
9228 9399329 1017;
10245 9401373 7;
10252 9401381 1019;
11271 9403427 5;
11276 9403433 983;
12259 9424994 41;
12300 9425036 985;
13285 9448615 39;
13324 9448655 987;
14311 9483533 37;
14348 9483571 989;
15337 9513316 35;
15372 9513352 991;
16363 9558504 33;
16396 9558538 993;
17389 9597530 31;
17420 9597562 995;
18415 9631421 29;
18444 9631451 997;
19441 9660177 27;
19468 9660205 999;
20467 9697149 25;
20492 9697175 1001;
21493 9735148 23;
21516 9735172 1003;
22519 9765958 21;
22540 9765980 1005;
23545 9801461 14;
23559 9801476 5;
23564 9801482 8;
23572 9801491 15;
23587 9801507 37;
23624 9801545 115;
23739 9801661 39;
23778 9801701 4;
23782 9801706 12;
23794 9801719 24;
23818 9801744 36;
23854 9801781 88;
23942 9801870 37;
23979 9801908 52;
24031 9801961 75;
24106 9802037 47;
24153 9802085 31;
24184 9802117 22;
24206 9802140 113;
24319 9802254 18;
24337 9802273 83;
24420 9802357 60;
24480 9802418 43;
24523 9802462 26;
24549 9833939 39;
24588 9833979 987;
25575 9895616 37;
25612 9895654 282;
25894 9896456 187;
26081 9911021 555;
26636 9911577 471;
27107 9954988 553;
27660 9955542 473;
28133 9966285 551;
28684 9966837 475;
29159 9981690 549;
29708 9982240 477;
30185 9991960 547;
30732 9992508 479;
31211 10002230 545;
31756 10002776 481;
32237 10010446 531;
54:
0 9381888 12;
12 9381901 43;
55 9383984 448;
503 9385459 533;
1036 9385994 1024;
2060 9387019 1003;
3063 9389049 21;
3084 9389071 1005;
4089 9391103 19;
4108 9391123 1007;
5115 9393157 17;
5132 9393175 1009;
6141 9396238 15;
6156 9396254 1011;
7167 9398292 13;
7180 9398306 1013;
8193 9400346 11;
8204 9400358 1015;
9219 9402400 9;
9228 9402410 1017;
10245 9408562 7;
10252 9408570 1019;
11271 9440399 5;
11276 9440405 1021;
12297 9473263 3;
12300 9473267 1023;
13323 9498938 1;
13324 9498940 1024;
14348 9517424 1024;
15372 9518449 2;
15374 9550288 1022;
16396 9551311 4;
16400 9592395 1020;
17420 9593416 6;
17426 9618070 1018;
18444 9619089 8;
18452 9657096 1016;
19468 9658113 10;
19478 9679690 1014;
20492 9680705 12;
20504 9701257 1012;
21516 9702270 14;
21530 9734121 1010;
22540 9735132 16;
22556 9761850 1008;
23564 9762859 18;
23582 9779791 1;
23583 9815833 231;
23814 9825723 88;
23902 9825813 686;
24588 9826500 250;
24838 9864214 30;
24868 9864245 24;
24892 9864270 25;
24917 9864296 7;
24924 9864304 8;
24932 9864313 21;
24953 9864335 24;
24977 9864360 22;
24999 9864383 49;
25048 9864433 20;
25068 9864454 17;
25085 9864472 52;
25137 9864525 30;
25167 9864556 2;
25169 9864559 6;
25175 9864566 15;
25190 9864582 29;
25219 9864612 148;
25367 9864761 18;
25385 9864780 69;
25454 9864850 12;
25466 9864864 66;
25532 9864931 12;
25544 9864944 11;
25555 9864956 14;
25569 9864971 6;
25575 9864978 37;
25612 9865016 9;
25621 9865026 59;
25680 9865087 154;
25834 9901778 802;
26636 9902581 224;
26860 9936306 800;
27660 9937107 226;
27886 9961986 6;
27892 9987852 792;
28684 9988645 234;
28918 10001203 790;
29708 10001994 236;
29944 10007365 788;
30732 10008154 238;
30970 10014554 786;
31756 10015341 240;
31996 10018662 772;
