[rr	1048576]
9.3125	9.1328125	9.19921875	9.3828125	9.66015625	10.01953125	10.98828125	13.046875	15.2109375	15.2265625	14.71484375	15.55078125	15.32421875	14.96484375	15.51171875	15.5703125	15.50390625	15.3359375	15.7578125	16.53515625	16.48046875	18.99609375	
[rw	1048576]
16.38671875	16.2578125	16.421875	16.46875	16.46875	11.05859375	10.59765625	12.515625	14.5	14.80078125	14.265625	14.74609375	14.6171875	14.48046875	15.0859375	15.4609375	14.91796875	15.02734375	15.3359375	15.86328125	15.9609375	16.90234375	
[rr	131072]
1.76660155	1.8730468875	1.9946289125	2.1972656125	2.4750976625	2.77441405	3.888671875	6.2119140625	8.892578125	8.6059570375	6.9755859375	7.762207025	7.39160155	7.259765625	8.3027344	8.3828125125	8.708984375	8.601074225	8.7377929625	8.9648437375	9.2729492	9.84375	
[rw	131072]
1.609375	1.6728515875	1.658691425	1.6518554625	1.791992175	1.8828124875	2.0078125	2.09228515	2.21875	2.4506836	2.5356445375	2.71972655	2.6118164125	2.875	3.130371075	3.6879882875	3.6723633	3.98583985	4.130859375	4.3383789125	4.0810547	3.5566406125	
[rr	16384]
0.2272339	0.25183105	0.33917235	0.5059204	0.77593995	1.341003425	2.5062255875	4.5697021375	6.167114275	6.14575195	5.27038575	5.54278565	5.345336925	5.458190925	6.2302245875	6.1177978625	5.9132080125	6.0258789	6.2128295875	6.5238647625	6.8283081	7.7821045	
[rw	16384]
0.5378418	0.6567382875	0.9159545875	1.1227416875	1.35528565	1.4588623125	1.639099125	1.87438965	2.0258178875	2.08203125	2.25860595	2.393188475	2.68933105	3.06744385	3.2706909	3.4921875125	3.6671752875	3.855529775	4.0260009875	4.1157226625	3.8391723875	3.2987670875	
[rr	262144]
3.3515625	3.5673828125	3.630859375	3.6328125	4.033203125	4.322265625	5.1982421875	7.3916015625	9.580078125	10.0478515625	9.326171875	8.9150390625	8.8935546875	8.4658203125	9.814453125	9.728515625	10.11328125	9.962890625	10.1611328125	10.431640625	10.8466796875	11.39453125	
[rw	262144]
2.880859375	2.94140625	3.1953125	2.98828125	2.9580078125	2.8330078125	3.0517578125	3.3232421875	3.2607421875	3.3583984375	3.4921875	3.46875	3.7021484375	3.671875	4.1982421875	4.3857421875	4.8779296875	4.9375	5.51953125	5.7548828125	5.9453125	5.63671875	
[rr	32768]
0.4855957125	0.4916992375	0.5671386875	0.7189941375	0.995971675	1.5625	2.755004875	5.050903325	6.2628173625	6.4520263625	5.6196289	5.941040025	5.726684575	5.6029052875	6.509765625	6.495971675	6.2978515625	6.3011474625	6.554321275	6.920532225	7.11865235	8.0533447375	
[rw	32768]
0.91674805	0.9201660125	1.02282715	1.3125	1.3657226625	1.651855475	1.6733398375	1.945068375	2.01708985	2.1470947125	2.2886963	2.3692626875	2.6781005875	3.12939455	3.361572275	3.5382080125	3.736694325	3.9180908375	4.119995125	4.1254882875	3.901000975	3.360717775	
[rr	4096]
0.08821105	0.114700325	0.1881408625	0.3388976875	0.634323125	1.203948975	2.21092225	4.3566742	5.8327331375	5.8564147875	5.1501312125	4.9832000625	5.2434082	5.5785827625	6.11668395	5.7041626	5.69825745	5.8191986	6.05426025	6.3566589375	6.708984375	7.5299987875	
[rw	4096]
0.4765930125	0.4191131625	0.558547975	0.9972229125	1.3946228125	1.5427856375	1.5409851	1.760025025	2.029541025	2.1863555875	2.3761902	2.4586792125	2.819778425	3.087478625	3.2278900125	3.4585266	3.672363275	3.83044435	4.03630065	4.0295868	3.778961175	3.285751325	
[rr	524288]
4.677734375	4.58984375	4.666015625	4.78515625	5.046875	5.4765625	6.505859375	8.642578125	10.701171875	10.96875	10.4765625	10.771484375	10.263671875	10.0390625	11.09375	11.189453125	11.00390625	10.830078125	11.1875	11.56640625	11.70703125	12.59765625	
[rw	524288]
12.333984375	12.451171875	12.44140625	12.673828125	12.310546875	5.791015625	6.408203125	8.34765625	10.49609375	10.69140625	10.296875	10.658203125	9.806640625	9.720703125	10.6171875	10.671875	10.552734375	10.548828125	10.857421875	11.595703125	11.65234375	12.283203125	
[rr	65536]
0.8923339875	0.9387207	1.066162125	1.1479492375	1.423828125	1.98950195	3.01538085	5.254882825	7.081298825	6.7355957125	6.2626953	6.510742175	6.3229980375	6.0764160125	7.180175775	7.066650375	7.146484375	7.0844726625	7.25878905	7.5900878875	7.809082	8.5925293125	
[rw	65536]
1.28759765	1.2993164125	1.377441425	1.4604492125	1.5654297	1.6369629	1.7185058375	1.9428711	2.1879882625	2.1787109375	2.48583985	2.4243163875	2.585205075	2.9157714875	3.66552735	3.5786132875	3.7802734125	3.9519043	4.08203125	4.07910155	3.903076175	3.327392575	
[rr	8192]
0.1299133375	0.1534729	0.234161375	0.380249025	0.6625976625	1.2564086875	2.3465881375	4.4406433	5.864532475	5.9220276	5.06347655	5.17233275	5.1975402875	5.5914001625	6.161224375	5.7156677125	5.7330627625	5.8460388125	6.0881347625	6.325256375	6.7085266125	7.56207275	
[rw	8192]
0.4190979	0.435089125	0.698883075	0.984649675	1.31765745	1.4817199875	1.64141845	1.741119375	1.894409175	2.1604919375	2.2561340375	2.4284668	2.770019525	3.078857425	3.2293396125	3.454986575	3.663787825	3.82907105	4.0455016875	4.0782775875	3.78396605	3.315673825	
[sr	1048576]
8.6330078125	
[sw	1048576]
8.4501953125	
[sr	131072]
1.1284179625	
[sw	131072]
1.06359865	
[sr	16384]
0.1481170875	
[sw	16384]
0.1445617625	
[sr	262144]
2.2402343875	
[sw	262144]
2.122802725	
[sr	32768]
0.28375245	
[sw	32768]
0.266876225	
[sr	4096]
0.04823305	
[sw	4096]
0.0484085125	
[sr	524288]
4.365722675	
[sw	524288]
4.265625	
[sr	65536]
0.56536865	
[sw	65536]
0.5341186625	
[sr	8192]
0.0714187625	
[sw	8192]
0.06879425	