[rr 1048576]
14.1250000	24.9687500	14.1562500	24.9062500	20.4687500	18.7812500	22.5312500	19.4375000	
16.9062500	17.4687500	15.0312500	16.3437500	16.1562500	17.6875000	18.1875000	19.6875000	
15.1875000	17.8750000	16.0625000	24.0625000	16.5937500	18.3125000	18.0312500	19.3125000	
17.4375000	24.5625000	18.0000000	15.9375000	17.5937500	18.1562500	18.3437500	21.0312500	
22.4687500	14.6250000	18.1875000	16.4375000	26.9687500	20.9375000	17.7500000	22.3437500	
14.8750000	15.9062500	16.2500000	18.0000000	18.2812500	18.7500000	22.5000000	22.1875000	
16.0937500	17.4687500	17.2187500	20.4062500	23.4687500	22.1562500	21.6875000	24.5000000	
19.5937500	21.0937500	22.1250000	27.2500000	23.5000000	26.2812500	25.0937500	29.0937500	
18.9687500	18.9687500	21.9687500	22.2812500	24.0625000	28.7187500	26.3750000	27.4375000	
23.2812500	21.9375000	23.2500000	20.3750000	27.4375000	27.4375000	29.5312500	25.2187500	
28.8125000	22.3750000	20.7812500	26.5000000	22.1250000	25.9062500	24.2812500	26.5937500	
28.0000000	20.5000000	21.3437500	20.5625000	24.2812500	31.3750000	27.4687500	27.0625000	
23.2812500	23.0312500	21.8125000	21.9375000	30.5937500	27.2500000	23.9375000	29.9062500	
21.4375000	30.4687500	22.4687500	21.4687500	28.3750000	27.0312500	26.1250000	26.6562500	
29.8125000	21.7812500	25.3125000	26.2187500	32.1562500	23.6250000	27.3125000	27.9687500	
22.3750000	25.5625000	24.0312500	23.1562500	23.8125000	25.5625000	26.5625000	29.4375000	
24.2812500	30.9375000	23.2500000	27.3125000	24.2500000	35.0312500	26.4062500	27.1250000	
25.2500000	29.1562500	23.2500000	27.8437500	23.9687500	37.0625000	30.2812500	29.6875000	
23.0000000	25.6250000	30.5312500	24.7187500	24.5312500	36.0312500	27.4687500	29.2500000	
21.8437500	29.3750000	32.9687500	27.9375000	25.8125000	25.7500000	37.1562500	28.9687500	
23.3750000	24.7187500	27.2500000	23.7500000	25.8750000	27.0937500	34.1875000	30.1250000	
24.2500000	24.5312500	27.8437500	24.7812500	31.5000000	27.9687500	27.6562500	35.8750000	
[rw 1048576]
16.5312500	14.5000000	16.4062500	16.9062500	18.5000000	25.8125000	22.0625000	17.0312500	
25.5312500	16.0937500	19.0000000	19.4062500	19.0312500	29.8125000	25.7812500	25.2187500	
17.0000000	16.0312500	15.5000000	16.5312500	15.9687500	27.8750000	26.9375000	19.9375000	
16.6562500	13.2187500	16.5312500	18.9375000	24.8437500	25.0625000	24.0312500	23.1875000	
14.0000000	21.3437500	17.1562500	23.1250000	16.0937500	18.4062500	20.2187500	23.2187500	
17.2187500	20.2812500	21.2812500	21.0312500	21.7812500	25.2500000	21.6562500	20.8437500	
16.7500000	18.6875000	25.0625000	21.3437500	22.4375000	20.1875000	21.3750000	24.1250000	
16.8437500	17.7812500	24.1562500	17.8125000	17.5000000	20.9062500	17.1562500	28.6562500	
19.3750000	19.1562500	18.6250000	21.5937500	18.0937500	19.2500000	26.4062500	23.4375000	
14.0000000	18.2500000	18.7812500	21.1562500	17.6250000	14.2187500	25.5312500	23.8125000	
15.4375000	17.0625000	21.9375000	18.3750000	17.4687500	27.9375000	21.0625000	26.3125000	
17.6562500	20.8750000	21.7812500	19.8750000	25.7812500	17.7812500	24.0312500	22.2812500	
20.3750000	20.9375000	19.0937500	17.5625000	20.8750000	22.5000000	22.1250000	26.7500000	
16.3437500	17.2812500	17.9062500	21.3125000	24.3750000	20.5625000	24.1875000	23.0312500	
17.6562500	14.5312500	24.4687500	19.5937500	15.3125000	27.4687500	25.2500000	24.6875000	
24.8750000	20.6875000	20.3437500	22.6250000	18.0000000	35.5937500	24.6562500	20.9687500	
15.2500000	16.2812500	22.8750000	20.8750000	20.8750000	17.9375000	26.6875000	19.8437500	
22.2500000	14.7187500	22.8750000	21.5000000	20.3125000	21.1875000	24.0000000	22.8125000	
18.5937500	24.8750000	14.8437500	21.8125000	20.7500000	22.0000000	27.8437500	23.1250000	
22.9687500	18.8437500	13.6250000	19.4687500	23.4375000	22.6562500	25.0937500	25.5937500	
22.0312500	18.7187500	15.0312500	25.2187500	22.2500000	22.4375000	17.7187500	22.2812500	
18.5312500	19.2812500	18.5000000	15.7187500	29.1875000	21.0625000	22.4375000	22.0000000	
[rr 131072]
2.0976562	2.2382812	5.0664062	2.4687500	2.5195312	4.3164062	2.6328125	2.7226562	
1.7031250	2.2812500	2.3203125	2.1015625	2.6171875	2.6796875	2.6718750	3.0117188	
2.3398438	2.3750000	3.5585938	2.6562500	2.6953125	4.3632812	2.8007812	4.4453125	
2.5156250	2.6171875	2.6093750	4.0390625	3.0117188	3.0820312	3.0937500	3.4843750	
2.9570312	3.0820312	2.9843750	4.5664062	3.5781250	3.1914062	3.5937500	3.9843750	
4.9218750	3.7968750	5.3515625	4.2734375	4.4179688	5.9375000	4.7109375	5.1640625	
5.4062500	5.4296875	5.6093750	6.1796875	7.4062500	7.6367188	6.8789062	7.4765625	
8.8632812	8.9023438	10.5390625	9.3632812	10.0195312	10.4843750	13.1171875	12.9062500	
7.1992188	9.0156250	7.8789062	10.3476562	9.2656250	10.1796875	12.5703125	9.1015625	
8.9296875	8.0937500	9.3242188	7.5078125	9.7890625	9.7578125	10.9101562	10.4726562	
10.0742188	8.9062500	8.6835938	8.6367188	8.3593750	11.3476562	10.2460938	7.9257812	
10.5976562	8.7695312	11.1835938	8.2031250	10.3593750	11.0898438	10.9218750	9.4765625	
11.2187500	8.5273438	10.7500000	9.2890625	11.1601562	8.4296875	9.1054688	10.4375000	
10.6484375	8.8554688	10.3671875	10.8242188	8.7109375	9.4296875	12.4843750	11.5781250	
9.2578125	10.5078125	9.1015625	10.2929688	9.7382812	11.3593750	11.3554688	10.4570312	
11.0937500	11.2929688	8.9179688	9.9843750	11.0156250	10.1875000	12.2304688	13.0000000	
11.7460938	11.1132812	11.0273438	10.3125000	11.3320312	10.4492188	10.6328125	12.8828125	
10.7578125	11.9765625	10.6953125	10.7460938	11.6953125	11.4335938	10.1093750	13.2929688	
11.8281250	11.6757812	10.7460938	11.2812500	12.3007812	12.8984375	12.7226562	12.4570312	
10.4335938	11.7382812	11.5781250	13.2500000	13.6367188	13.1679688	10.8281250	11.5039062	
13.4843750	13.3085938	12.6718750	11.8476562	13.2851562	11.6640625	12.9257812	14.4414062	
13.0664062	12.5156250	14.9570312	11.9257812	13.3046875	12.6210938	12.9179688	14.6992188	
[rw 131072]
4.2500000	4.1835938	3.0937500	4.6757812	4.7851562	3.4257812	4.4023438	3.2968750	
2.8867188	5.7695312	4.5585938	5.2226562	5.0625000	5.4453125	4.4648438	5.0234375	
4.0000000	4.8281250	3.6914062	4.5820312	4.4375000	3.3945312	4.5585938	4.7382812	
4.3085938	4.4453125	4.8242188	3.3085938	4.5976562	5.0546875	4.4570312	5.3671875	
4.1757812	4.1953125	4.4140625	3.3046875	4.7265625	4.3906250	5.9414062	4.7031250	
3.8476562	4.1640625	3.4765625	4.7265625	5.1523438	3.6757812	5.2617188	4.8984375	
4.9492188	4.5898438	5.3281250	4.5546875	3.7539062	3.9570312	5.0898438	4.9726562	
4.6445312	5.4414062	4.4648438	3.9960937	6.2148438	5.1679688	4.0039062	4.2109375	
4.4609375	3.7343750	5.2148438	3.7421875	3.9296875	5.4687500	3.9960937	4.4492188	
3.7734375	4.6796875	4.1601562	4.8046875	4.3867188	5.0937500	4.4609375	4.4921875	
3.8828125	5.1679688	5.7500000	4.0898438	5.6289062	4.1953125	4.3359375	5.2421875	
4.1015625	5.5000000	4.1679688	4.4687500	5.8476562	4.0390625	4.3945312	5.6523438	
3.8906250	5.4570312	4.4101562	5.3554688	4.2812500	5.1132812	7.7148438	7.5117188	
4.4023438	6.3789062	7.1562500	5.5429688	4.7734375	7.7421875	4.8398438	4.9570312	
6.1523438	4.9179688	6.0976562	4.6835938	6.3828125	5.1015625	5.2109375	7.6992188	
4.6250000	4.9062500	5.0039062	8.3828125	5.1484375	6.6406250	5.0742188	5.5195312	
4.8359375	4.7929688	4.7187500	6.7812500	5.1132812	7.0117188	7.9414062	5.6796875	
5.9570312	4.9140625	6.0703125	7.7929688	5.6289062	6.9101562	8.6406250	5.8867188	
4.3710938	5.6289062	6.2968750	6.2734375	4.9726562	5.2148438	5.8789062	5.1289062	
5.5390625	6.1679688	5.7929688	4.5898438	4.6132812	5.0195312	5.1250000	8.3632812	
3.9882812	4.2148438	3.8164062	5.3554688	4.4687500	4.3671875	5.7695312	4.7695312	
4.0117188	4.8906250	4.3164062	5.3281250	4.3203125	6.2617188	6.4804688	5.2460938	
[rr 16384]
0.6264648	0.6323242	0.6640625	0.6909180	0.6684570	0.5927734	0.7441406	0.6215820	
0.6674805	0.6230469	0.6909180	0.7246094	0.6704102	0.7045898	0.7353516	0.6542969	
0.7158203	0.8012695	0.6738281	0.7382812	0.7539062	1.0073242	0.7290039	0.7568359	
0.9233398	0.7841797	0.9584961	0.9960938	0.8833008	0.8417969	0.8583984	1.0053711	
1.1142578	1.1455078	1.2036133	1.2314453	1.3388672	1.4506836	1.3979492	1.5117188	
2.0322266	2.0849609	2.0332031	2.2480469	2.2421875	2.4194336	2.5913086	2.7500000	
3.7226562	3.8291016	3.8774414	4.1430664	4.2543945	4.4282227	4.7241211	5.0175781	
7.1533203	7.2705078	7.3969727	7.7617188	8.0883789	8.5400391	9.1787109	9.6801758	
5.4750977	5.8369141	6.1108398	6.9282227	7.5908203	8.3793945	7.8979492	6.1884766	
5.8022461	5.7050781	4.9350586	5.2172852	6.0615234	7.7456055	6.2495117	5.5195312	
6.5966797	7.0844727	6.9448242	4.7558594	6.7412109	7.2402344	6.4228516	5.5009766	
7.3745117	7.4672852	7.3608398	6.4565430	7.4477539	7.8955078	7.0249023	6.5405273	
7.4970703	6.9262695	7.9912109	7.7983398	7.0888672	6.7612305	7.1704102	6.9721680	
7.3530273	7.0991211	7.4331055	7.2148438	7.5932617	7.2890625	7.3867188	7.5263672	
7.0898438	6.9375000	7.2045898	7.3393555	7.3886719	7.4814453	7.5004883	7.5625000	
7.5034180	7.5458984	7.8291016	7.1660156	7.6840820	7.3408203	7.5439453	7.8266602	
7.8281250	7.7622070	7.7070312	7.8408203	7.8671875	7.8901367	7.6982422	7.9726562	
8.3076172	8.3833008	8.1933594	8.2490234	8.3266602	8.4775391	8.4379883	8.7055664	
8.4492188	8.4438477	8.6909180	8.4604492	8.7973633	8.8671875	8.9042969	8.9985352	
8.8637695	9.1987305	8.9145508	9.1025391	9.0229492	8.9355469	9.1103516	9.1269531	
9.4218750	9.4897461	9.4687500	9.4956055	9.7392578	9.7343750	9.9873047	9.9409180	
10.3144531	10.0864258	9.7651367	9.7021484	9.9199219	10.1650391	9.7636719	10.4995117	
[rw 16384]
0.9584961	0.9438477	0.9711914	0.9414062	0.9663086	0.9741211	1.4892578	1.2119141	
1.0693359	0.9086914	1.0595703	0.9384766	1.5371094	2.0268555	2.1406250	1.4331055	
1.9077148	1.7250977	1.0043945	1.5639648	1.7426758	2.5473633	2.2041016	2.2299805	
2.4672852	2.1708984	2.8198242	2.5761719	2.0126953	2.2114258	2.3071289	1.8715820	
2.6586914	2.4418945	2.5283203	2.3408203	2.4077148	2.6425781	2.6835938	2.5410156	
2.8891602	3.1342773	3.2988281	3.0209961	3.2661133	3.1274414	3.2636719	3.2270508	
3.3144531	3.5014648	3.3515625	3.7895508	3.7685547	3.8735352	3.4809570	3.4877930	
3.4711914	4.1591797	3.9614258	3.9614258	4.3979492	3.7509766	3.7177734	3.4101562	
3.3906250	4.2548828	4.0498047	3.7202148	3.7607422	4.3940430	4.0385742	3.5532227	
3.5546875	3.8706055	3.8388672	3.4936523	3.8398438	3.6865234	3.6450195	3.5112305	
3.7578125	3.9140625	3.9350586	3.6816406	3.9565430	3.7343750	3.8750000	4.0205078	
3.8666992	4.0239258	4.1748047	3.8188477	3.9228516	4.0683594	4.4643555	4.1015625	
3.9462891	4.1328125	4.3657227	4.5864258	4.3544922	4.3066406	4.1567383	4.4677734	
4.3657227	4.4467773	4.3754883	4.3486328	4.5917969	4.4091797	4.4458008	4.5439453	
4.4409180	4.4833984	4.5444336	4.7968750	5.4848633	5.1040039	4.7690430	4.7919922	
4.5844727	4.6279297	4.6459961	4.7080078	5.0283203	5.5795898	4.8417969	4.7661133	
4.7407227	4.7231445	4.6894531	4.8300781	4.9794922	5.9384766	5.6552734	5.1713867	
4.5683594	4.5971680	4.6987305	4.7280273	5.0893555	5.8774414	5.1000977	5.1054688	
4.3813477	4.3544922	4.3906250	4.3369141	5.0029297	5.4067383	4.7089844	4.2866211	
4.0922852	4.0092773	4.1586914	4.0864258	4.2001953	4.5058594	4.2543945	3.9350586	
3.7182617	3.7504883	3.9716797	3.7514648	3.8735352	3.9707031	4.1215820	3.8920898	
3.7998047	3.9736328	4.1313477	3.7329102	3.8554688	3.8750000	4.0917969	3.8491211	
[rr 262144]
4.4609375	4.6796875	4.6796875	5.1718750	5.3593750	5.6250000	5.4453125	4.9609375	
4.4218750	8.4843750	4.8203125	5.3437500	5.3359375	5.6484375	7.9218750	6.0546875	
4.5625000	7.3906250	4.9531250	5.3750000	5.4609375	7.6171875	5.7031250	6.3281250	
3.9765625	7.2109375	7.6015625	5.5859375	7.1562500	5.8203125	5.9453125	6.4921875	
5.4296875	5.4687500	5.6562500	6.0703125	6.2890625	6.4062500	6.5703125	7.1875000	
8.4765625	6.1171875	6.3515625	6.8906250	11.5937500	7.5312500	7.5078125	10.9843750	
7.9921875	7.8046875	7.8437500	8.7734375	9.1171875	11.8046875	9.5781250	13.0937500	
11.2187500	13.3359375	15.3515625	12.5625000	12.9218750	14.5937500	14.1796875	18.0703125	
9.8906250	12.4453125	10.3515625	14.7031250	12.0859375	12.9609375	14.1250000	11.3359375	
9.1718750	10.8046875	11.0000000	10.0937500	11.1171875	12.2343750	14.8593750	12.1562500	
11.1953125	15.4453125	11.2109375	9.5859375	11.1250000	14.4062500	14.4531250	9.8437500	
12.0078125	13.3125000	12.5234375	10.8437500	14.0703125	12.0546875	12.2343750	12.4218750	
12.7343750	10.9218750	16.1015625	11.6484375	11.8437500	10.9531250	14.9296875	13.2031250	
11.6015625	13.5312500	11.6015625	14.6015625	12.0156250	14.0937500	13.3593750	11.7265625	
11.6093750	11.7578125	14.5390625	11.9531250	10.5312500	12.5312500	11.4062500	13.3984375	
11.7968750	13.5390625	12.2968750	15.4531250	12.3671875	15.8984375	13.1562500	16.3671875	
15.1875000	12.7578125	15.5078125	12.9921875	16.0390625	13.2812500	16.3203125	13.7187500	
13.1015625	15.7812500	12.9843750	13.6250000	13.2265625	13.7656250	17.3281250	14.3750000	
13.3203125	16.0468750	13.8281250	12.0078125	13.7265625	16.2500000	13.4062500	14.4453125	
13.3750000	13.7031250	16.5625000	16.3828125	13.9531250	14.7812500	14.8203125	13.3828125	
12.2890625	14.2343750	12.9453125	14.2187500	15.3515625	14.8125000	14.5234375	15.9453125	
17.0234375	14.5781250	16.8046875	14.1875000	14.8125000	15.5781250	17.2734375	16.1171875	
[rw 262144]
6.4296875	5.1484375	6.8125000	5.9296875	6.5078125	7.4296875	8.0156250	5.8515625	
5.2890625	4.3359375	6.8125000	6.0312500	7.2890625	8.3359375	4.7109375	6.6484375	
4.9453125	4.0000000	5.7109375	7.3046875	6.5703125	4.6015625	6.2187500	6.5937500	
5.2656250	6.1640625	4.4765625	6.0937500	6.2187500	6.0625000	6.7968750	6.8203125	
5.2734375	5.9765625	7.2890625	8.3671875	6.3750000	5.9140625	7.7734375	6.6171875	
4.0859375	5.5000000	5.8359375	5.9687500	4.4140625	6.5937500	6.2265625	5.2187500	
5.7187500	5.4687500	9.4531250	5.9453125	6.3437500	4.8046875	7.5703125	6.2187500	
6.5312500	4.7265625	4.4453125	5.9218750	5.9531250	7.1640625	6.3593750	5.0703125	
5.5937500	4.3984375	7.1328125	5.4375000	6.6484375	6.2500000	4.8593750	9.9687500	
5.8984375	5.8671875	7.2890625	7.0937500	6.1562500	4.7734375	4.8750000	7.2578125	
5.6796875	4.2421875	6.4921875	5.7656250	6.6562500	7.0000000	5.2187500	6.7109375	
5.9843750	5.1796875	6.0390625	6.4296875	5.0000000	7.0468750	4.9140625	7.5625000	
6.9453125	6.7343750	4.8984375	7.0468750	4.9453125	5.1093750	5.7500000	7.4609375	
6.8515625	5.8046875	6.9453125	4.9453125	7.7656250	5.2265625	7.8828125	5.7890625	
6.7734375	7.2421875	5.2656250	7.5625000	7.2421875	10.8203125	5.5390625	8.0078125	
7.4453125	11.3750000	7.9062500	5.4921875	7.9218750	5.5000000	9.9609375	6.4531250	
5.2265625	7.6093750	5.4765625	7.8906250	5.7890625	7.8828125	5.9687500	8.8828125	
7.5078125	5.4687500	7.7968750	8.1953125	9.5625000	8.4218750	6.0468750	8.7656250	
12.0468750	5.4687500	7.6562500	6.0078125	11.7421875	5.7109375	9.0625000	7.4375000	
6.7890625	7.4296875	4.6562500	4.9687500	7.9140625	5.1875000	11.8281250	6.1953125	
5.3281250	7.1640625	5.9609375	11.7656250	7.0781250	8.0390625	5.4375000	7.9687500	
4.5781250	6.6406250	4.5000000	6.7031250	6.8125000	8.2343750	7.4296875	8.3359375	
[rr 32768]
0.8613281	0.7460938	0.8837891	0.8349609	0.8193359	0.8281250	0.9121094	0.7324219	
0.8085938	0.9375000	0.8378906	0.8603516	0.9873047	0.8896484	0.9365234	0.8173828	
0.8925781	0.8613281	0.8857422	1.0302734	0.9033203	0.9941406	1.0712891	0.9843750	
1.0078125	0.9951172	0.9941406	1.0683594	1.0878906	1.1367188	1.1845703	1.2910156	
1.3789062	1.3544922	1.6152344	1.5390625	1.9726562	1.7861328	2.3886719	2.2314453	
2.3818359	2.4453125	2.7041016	2.6406250	2.8066406	3.1982422	3.0380859	2.9785156	
3.8623047	3.9433594	4.1562500	4.6816406	4.6650391	4.8505859	5.3232422	5.5136719	
7.5703125	7.5615234	7.8291016	8.2753906	8.5927734	9.2636719	10.1083984	10.0361328	
5.6044922	6.2656250	6.5791016	7.3867188	7.8916016	8.7050781	7.5888672	6.3535156	
6.2705078	6.0312500	6.3388672	5.3437500	6.6816406	7.8095703	6.3349609	6.2138672	
6.8857422	7.5195312	7.2470703	5.7685547	6.8505859	8.1806641	6.9375000	5.8886719	
8.1279297	7.0234375	8.1308594	6.9384766	7.4384766	8.0527344	7.3105469	7.3349609	
8.1123047	7.6220703	8.4960938	7.6435547	7.4619141	7.4794922	8.0195312	7.6806641	
7.6064453	7.4384766	8.1943359	7.8388672	7.9833984	8.1357422	8.2382812	8.0605469	
7.6337891	7.3662109	7.4648438	7.5859375	7.5439453	7.7802734	7.7617188	8.1416016	
8.1250000	7.7207031	7.8847656	7.7441406	8.4003906	8.3173828	8.2236328	8.1962891	
8.4199219	8.1552734	8.0273438	8.3437500	8.6982422	8.8076172	8.4472656	8.8388672	
8.4863281	8.7568359	8.6396484	9.0791016	8.5439453	9.1679688	9.0273438	9.1972656	
9.4580078	8.8427734	8.7832031	9.4257812	9.5009766	9.9648438	9.2431641	9.6669922	
9.2353516	9.1054688	9.4394531	9.9843750	9.2216797	9.3486328	9.8330078	9.8417969	
9.9482422	9.6191406	9.8457031	9.9501953	10.4833984	10.3896484	10.7451172	10.3222656	
11.1718750	10.5683594	10.4404297	10.3203125	10.3730469	10.5048828	10.3652344	10.7822266	
[rw 32768]
1.4433594	2.2187500	1.9531250	2.0039062	1.9873047	2.6582031	2.2460938	1.8554688	
1.9023438	1.8544922	2.8125000	2.0683594	1.6582031	2.5146484	1.8242188	2.5058594	
2.2597656	2.3994141	2.2500000	2.3417969	2.2177734	2.6416016	2.3759766	2.7353516	
3.0537109	2.7841797	2.7080078	3.0263672	2.4238281	2.3466797	2.4121094	2.6435547	
3.0820312	3.0722656	2.9785156	3.1640625	2.9501953	2.6015625	2.8457031	2.6123047	
3.2802734	2.7167969	3.0166016	3.0478516	3.5498047	3.1826172	3.2333984	3.9775391	
3.5849609	3.8017578	3.9082031	3.7363281	3.6162109	3.6318359	3.7285156	4.0322266	
3.3857422	3.9208984	3.9785156	4.4531250	4.9785156	4.0507812	4.0976562	3.8496094	
3.3457031	3.9541016	4.3056641	4.0927734	4.5322266	4.1044922	4.0000000	3.6015625	
3.5605469	4.2226562	4.1630859	3.9833984	4.1396484	4.3251953	4.0478516	4.1113281	
3.4814453	3.9023438	3.9892578	3.7998047	3.9199219	3.9140625	4.1269531	3.8144531	
3.7958984	4.0810547	4.0263672	4.2382812	4.3427734	4.0097656	4.1357422	4.3740234	
4.1669922	4.4003906	4.5673828	4.3798828	4.1230469	4.2001953	4.6318359	4.4443359	
4.5771484	4.6787109	4.4570312	4.8798828	4.4931641	4.5283203	4.7607422	4.8105469	
4.5644531	4.7500000	4.9111328	4.5771484	4.9199219	4.7646484	5.3769531	4.9121094	
4.8554688	4.9501953	4.7246094	5.1728516	5.5253906	5.6875000	5.2089844	5.0791016	
4.8359375	4.9775391	5.0019531	4.8789062	5.2480469	5.9707031	5.4042969	5.4082031	
4.7744141	4.9140625	4.7089844	4.7890625	5.2822266	6.1347656	5.7929688	5.1738281	
4.4931641	4.4902344	4.3212891	4.4101562	5.2080078	5.0595703	5.1777344	4.5937500	
4.1162109	4.3095703	4.3535156	4.3242188	4.4833984	4.5771484	4.4062500	4.2490234	
3.8388672	3.8662109	3.9912109	3.9824219	3.9355469	4.0781250	4.2363281	3.8740234	
3.6640625	4.1347656	4.0546875	4.0332031	4.0576172	4.0859375	4.1347656	4.1650391	
[rr 4096]
0.6455078	0.8038330	0.6788330	0.5662842	0.5870361	0.6170654	0.6427002	0.4942627	
0.5401611	0.6474609	0.6591797	0.5554199	0.6093750	0.5676270	0.7623291	0.5712891	
0.6461182	0.7099609	0.5670166	0.6986084	0.6346436	0.7064209	0.6331787	0.6593018	
0.6948242	0.7124023	0.6516113	0.6853027	0.6875000	0.7053223	0.6575928	0.7686768	
0.9305420	0.9346924	0.9610596	1.0212402	1.0373535	1.1103516	1.2084961	1.2796631	
1.7673340	1.8133545	1.8640137	1.9748535	2.0246582	2.1114502	2.2908936	2.4147949	
3.4392090	3.5278320	3.6130371	3.7962646	3.9366455	4.1500244	4.4598389	4.7329102	
6.8039551	6.9699707	7.1606445	7.5312500	7.8474121	8.2047119	8.8713379	9.3548584	
5.1981201	5.5705566	6.0474854	6.6572266	7.2788086	8.0318604	7.1485596	5.2622070	
5.4382324	4.7137451	4.6434326	5.4244385	6.4100342	6.8945312	5.4364014	5.6176758	
5.8560791	6.6516113	6.3393555	5.4100342	6.5518799	6.2115479	6.0786133	5.4975586	
6.6376953	7.0733643	7.1485596	6.1252441	6.7532959	6.9803467	6.8676758	6.4291992	
6.8836670	6.3509521	7.3393555	7.3764648	6.7609863	6.3686523	6.8330078	6.7301025	
6.9772949	6.6787109	6.6234131	6.7224121	6.9339600	6.7574463	7.1394043	7.1228027	
6.6765137	6.6062012	6.7437744	6.6217041	6.6331787	6.8259277	6.9521484	7.0976562	
7.0534668	7.0463867	7.0737305	6.8059082	7.0697021	7.0439453	6.9925537	7.3979492	
7.3395996	7.3178711	7.2885742	7.1851807	7.4403076	7.3646240	7.4039307	7.5224609	
7.7950439	7.8981934	7.8752441	7.8143311	7.5560303	8.2524414	8.0987549	8.0019531	
8.1282959	8.1572266	8.2596436	8.2261963	8.2648926	8.3259277	8.3479004	8.4147949	
8.3868408	8.4276123	8.5097656	8.5230713	8.4589844	8.6247559	8.6654053	8.7032471	
8.9565430	9.0976562	9.1168213	9.0950928	9.2390137	9.5831299	9.5793457	9.5639648	
9.8811035	9.9667969	9.2957764	9.2979736	9.4239502	9.7884521	9.5972900	9.2968750	
[rw 4096]
0.7985840	0.8369141	0.8369141	0.8629150	1.0093994	0.8731689	0.8519287	0.9490967	
0.8145752	0.8685303	0.8591309	0.8707275	0.8670654	0.9528809	0.9503174	0.8839111	
0.8436279	0.9952393	0.8621826	0.9001465	1.0612793	0.9846191	1.4057617	1.3736572	
1.6933594	1.6643066	1.8997803	1.7857666	1.7448730	1.7525635	2.0670166	1.9312744	
1.9753418	2.4958496	2.5058594	2.4687500	2.6020508	2.3874512	2.3347168	2.3840332	
2.5941162	3.0308838	3.1037598	2.7791748	2.8536377	2.9503174	3.0859375	3.0792236	
2.9803467	3.3823242	3.3623047	3.0541992	3.0487061	3.3859863	3.7203369	3.0817871	
3.0446777	3.3861084	3.3649902	3.1970215	3.4818115	3.5738525	3.5675049	3.0726318	
3.2100830	3.2666016	3.3222656	3.2131348	3.3812256	3.2880859	3.2333984	3.3151855	
3.3278809	3.3494873	3.5012207	3.4008789	3.4699707	3.3741455	3.4361572	3.4235840	
3.4984131	3.6741943	4.2341309	3.6082764	3.7260742	3.7464600	3.6425781	3.6252441	
3.7585449	3.8085938	4.0782471	3.8692627	3.8264160	3.8817139	3.9876709	3.9036865	
4.0665283	4.0926514	4.1867676	4.1405029	4.1958008	3.9840088	4.0587158	4.2156982	
4.3150635	4.3487549	4.2961426	4.3985596	4.7274170	4.6983643	4.4434814	4.4705811	
4.5029297	4.6140137	4.4671631	4.4819336	4.6735840	4.7064209	4.5244141	4.5491943	
4.6156006	4.7154541	4.6473389	4.7524414	4.9776611	5.1755371	4.6975098	4.6933594	
4.7059326	4.7294922	4.7937012	4.7868652	4.9691162	5.7427979	5.1528320	4.7305908	
4.5407715	4.6181641	4.6604004	4.6243896	5.0363770	6.0593262	4.9753418	4.6555176	
4.1807861	4.1964111	4.1425781	4.1197510	4.6259766	4.9904785	4.4448242	4.0711670	
3.8341064	3.7606201	3.9106445	3.8018799	4.1010742	4.3289795	4.0307617	3.8538818	
3.5941162	3.5555420	3.7038574	3.5061035	3.6772461	3.7476807	3.6751709	3.6485596	
3.5212402	3.5964355	3.6542969	3.4543457	3.6280518	3.6196289	3.7242432	3.6071777	
[rr 524288]
8.4375000	7.3437500	9.0156250	9.9375000	8.1250000	11.2343750	8.5937500	9.9375000	
8.4218750	7.0000000	7.1406250	7.9843750	9.0625000	8.4062500	8.9531250	9.8125000	
7.2031250	11.2968750	8.6406250	8.9375000	8.2812500	16.0000000	11.1406250	10.4218750	
7.2500000	7.5625000	9.4531250	10.9531250	10.3281250	10.6406250	11.2343750	10.3437500	
7.3125000	13.6250000	9.5156250	8.7031250	14.5000000	9.6562500	11.1875000	12.8437500	
12.6250000	8.6406250	10.5468750	11.9375000	9.9687500	10.3750000	10.9218750	11.8750000	
11.8125000	11.5781250	11.2500000	12.0625000	11.8125000	14.9531250	14.3906250	14.3125000	
14.0937500	13.2656250	15.4218750	15.0468750	18.0937500	21.7500000	18.7031250	19.6718750	
11.8593750	11.5625000	12.5781250	14.5312500	18.9843750	16.0000000	19.4687500	19.3125000	
14.7031250	13.3437500	13.7031250	14.8593750	17.4218750	21.5781250	17.1406250	17.9062500	
14.9531250	14.8281250	15.1250000	15.7500000	13.5312500	16.6562500	16.5312500	18.2187500	
19.1875000	13.9062500	14.5468750	15.6718750	15.5468750	17.2656250	15.8593750	21.2656250	
16.8437500	13.4687500	15.2031250	14.5781250	14.7500000	17.8281250	15.9062500	17.2812500	
13.9843750	15.8750000	15.6406250	17.2031250	17.3125000	14.5468750	23.1562500	18.0156250	
15.7656250	15.7187500	14.7968750	22.1406250	14.9531250	15.6562500	21.0156250	18.5937500	
15.2656250	14.5312500	16.6406250	15.1562500	22.4062500	18.0000000	16.5625000	18.3281250	
17.1093750	20.2500000	17.0937500	16.0000000	23.9687500	18.3750000	23.9687500	19.0937500	
17.3593750	15.8750000	16.2500000	18.3281250	16.8906250	18.9062500	23.4843750	18.1875000	
15.8906250	17.7500000	23.1406250	18.4062500	19.1250000	22.1250000	17.7968750	23.8125000	
15.5156250	16.2343750	18.9531250	17.7031250	17.1250000	17.2968750	17.9218750	26.7500000	
18.5000000	23.5781250	17.8125000	17.2031250	20.4062500	17.4531250	19.4062500	19.3281250	
20.5468750	18.9375000	17.4687500	21.9218750	19.9218750	20.7812500	24.1093750	20.4062500	
[rw 524288]
10.4375000	11.6562500	9.6093750	12.7031250	9.8125000	18.3593750	12.5625000	14.2656250	
9.9062500	10.6718750	10.4375000	15.3593750	14.8437500	15.5000000	15.3906250	16.0781250	
11.3281250	8.2656250	11.5781250	12.4062500	13.5156250	12.5312500	14.2500000	12.4531250	
7.5781250	16.0781250	11.9218750	11.2031250	13.6875000	12.5000000	11.3593750	12.3281250	
14.9531250	9.6093750	9.3593750	11.5625000	9.8750000	12.8125000	11.3281250	11.7656250	
8.9218750	10.1718750	14.4218750	11.0781250	11.3125000	14.1875000	12.8125000	11.5937500	
10.0156250	13.2968750	10.0312500	12.1093750	10.0312500	13.6093750	10.8906250	12.4687500	
11.4218750	11.6718750	11.4687500	9.8125000	12.7187500	11.3125000	13.4062500	11.7656250	
7.7656250	14.3437500	12.8906250	13.1406250	9.2187500	12.2968750	15.0781250	12.7343750	
11.1718750	11.7031250	13.8437500	12.3281250	8.2500000	12.8437500	14.3437500	14.0000000	
12.0625000	9.8125000	12.2812500	8.4375000	15.8593750	11.9218750	15.1718750	13.6250000	
8.8437500	12.5156250	14.3593750	9.1875000	12.3281250	15.6718750	12.5781250	12.2968750	
10.9843750	11.7031250	14.7812500	12.9687500	12.3906250	16.3593750	14.5625000	15.0000000	
11.7812500	12.9375000	11.9843750	13.9062500	15.6875000	12.0312500	13.8906250	13.1093750	
12.3593750	12.4062500	10.4531250	12.5468750	12.9218750	13.1875000	14.9062500	14.8281250	
12.4843750	10.7343750	17.2812500	14.5156250	10.8437500	10.7968750	17.9218750	17.3750000	
13.6562500	10.2500000	13.9843750	11.6250000	13.4531250	14.2656250	10.6406250	14.6718750	
12.8593750	13.1718750	11.0781250	15.7031250	13.8906250	12.0625000	12.7187500	15.4218750	
11.7968750	14.9218750	10.2031250	13.1875000	14.5156250	10.8437500	16.7968750	13.6562500	
11.2656250	14.7031250	14.9375000	13.1093750	10.9687500	13.5000000	18.2968750	13.2343750	
13.1250000	9.3750000	13.4218750	11.9843750	10.6093750	17.5781250	18.5000000	16.2187500	
12.2656250	13.6406250	12.0312500	10.0937500	11.3750000	13.3750000	9.2500000	12.0937500	
[rr 65536]
1.0625000	1.2226562	1.1933594	1.2500000	1.2851562	1.3593750	1.3769531	1.3476562	
1.1835938	1.6660156	1.2402344	1.1191406	1.3242188	1.4023438	1.1621094	1.5625000	
1.2285156	1.2734375	1.3066406	1.4121094	1.8847656	1.5332031	1.5488281	1.7070312	
2.2949219	1.5078125	1.5019531	1.6640625	1.7187500	1.7890625	1.8300781	1.9980469	
2.3652344	1.8945312	1.9296875	2.1171875	2.6933594	2.3378906	2.8457031	2.6171875	
2.8398438	3.3300781	2.7949219	3.4687500	3.1816406	3.2304688	4.0605469	3.8085938	
4.4589844	4.5000000	5.2031250	4.8886719	5.0097656	5.7246094	6.3789062	5.9726562	
7.7304688	8.4863281	8.7929688	8.5585938	9.4550781	9.9414062	10.6269531	11.0996094	
6.6640625	6.6816406	6.6679688	8.2578125	8.7265625	9.5175781	9.7734375	8.5019531	
6.7441406	6.7246094	7.3320312	6.2109375	7.4960938	9.1933594	7.9394531	7.0839844	
8.1835938	8.3300781	8.1875000	7.2402344	7.8808594	9.5468750	7.9746094	7.0605469	
8.9433594	7.9160156	8.7343750	7.4453125	9.2539062	7.9687500	7.7949219	8.6113281	
8.3750000	8.1230469	9.8125000	8.5429688	8.5859375	8.7480469	9.0273438	9.1523438	
8.0800781	8.7578125	9.6035156	8.9570312	9.1347656	9.2910156	8.5390625	8.6992188	
8.8378906	8.7519531	9.0214844	8.8964844	9.0839844	8.4218750	8.9902344	8.3906250	
8.8574219	9.4121094	8.6250000	8.5917969	9.0625000	9.6152344	8.9296875	9.0156250	
8.8300781	9.1230469	9.0683594	8.3906250	9.5507812	10.1191406	9.3359375	8.6074219	
10.0390625	10.0000000	9.9648438	10.1601562	10.4726562	9.8476562	9.3964844	9.0292969	
9.8613281	9.7695312	10.2304688	10.1796875	10.2988281	11.0097656	10.5097656	10.5976562	
9.2070312	10.3945312	10.6289062	11.0957031	10.5312500	10.4316406	10.6679688	10.8378906	
10.6523438	11.4707031	10.8164062	10.9316406	11.0058594	11.4257812	12.6855469	11.2265625	
12.0488281	11.2871094	11.0175781	11.4140625	11.5585938	11.5605469	12.5097656	12.0605469	
[rw 65536]
3.8769531	3.5507812	3.3593750	3.4843750	3.7695312	2.8593750	3.4042969	2.4707031	
3.5546875	2.4238281	3.9667969	3.8007812	3.4355469	2.5429688	1.9609375	4.3164062	
3.3554688	2.3964844	3.3828125	3.2167969	2.5683594	3.3417969	3.3476562	3.2324219	
2.8593750	3.7636719	3.9316406	3.2539062	3.4023438	3.4570312	3.4843750	3.2871094	
2.9335938	3.7910156	3.0175781	3.5781250	2.8359375	4.1113281	2.9082031	3.9394531	
3.8437500	3.0156250	3.8203125	3.0742188	4.1250000	4.2890625	3.5351562	3.9902344	
4.1347656	3.9179687	3.7304688	3.7226562	4.3652344	3.5703125	3.7226562	4.0898438	
4.1425781	3.8945312	3.9785156	4.4296875	4.2460938	3.8222656	3.8632812	3.9589844	
3.5761719	3.8125000	4.6054688	4.3593750	4.2304688	3.8652344	4.2343750	4.0917969	
3.5703125	4.7207031	4.5859375	4.9101562	4.6093750	4.1406250	3.9238281	3.9648437	
3.7617188	3.9414062	4.0937500	4.0976562	3.8320312	4.0000000	4.2460938	4.0410156	
3.9277344	4.0312500	4.4726562	5.3398438	4.9570312	4.8222656	5.8945312	4.9355469	
4.4296875	4.1933594	4.1640625	5.1972656	4.3359375	4.3066406	4.8593750	4.6035156	
5.9414062	5.2031250	4.5214844	4.6289062	4.5117188	4.8144531	5.4765625	6.2675781	
5.0625000	4.5742188	4.7636719	4.6875000	4.7617188	6.1464844	5.5605469	5.3222656	
4.9140625	4.7812500	5.5039062	5.7402344	5.4589844	5.1484375	6.2324219	6.0625000	
4.8769531	6.0898438	5.9277344	5.3164062	6.4179688	5.2871094	6.3769531	5.4863281	
4.6855469	4.7128906	4.7675781	4.9472656	5.1367188	6.6972656	6.5625000	5.2792969	
4.4531250	4.4921875	4.3710938	4.5292969	4.8300781	5.4179688	5.2187500	4.8828125	
4.1542969	4.3437500	4.2050781	4.4902344	4.4121094	4.6386719	4.4433594	4.4570312	
3.8476562	4.1718750	4.9804688	3.9589844	4.6230469	4.3574219	4.1425781	4.8671875	
4.0781250	3.8769531	4.7167969	4.5000000	4.0234375	4.2695312	4.0917969	4.2578125	
[rr 8192]
0.6362305	0.6628418	0.6328125	0.6469727	0.5195312	0.7121582	0.6123047	0.5256348	
0.7583008	0.6979980	0.5253906	0.6464844	0.5476074	0.6718750	0.5769043	0.7092285	
0.6914062	0.9101562	0.8652344	0.5944824	0.6142578	0.7104492	0.6743164	0.7097168	
0.7629395	0.7995605	0.7543945	0.6435547	0.8779297	0.7695312	0.7375488	0.7666016	
0.9692383	1.0170898	1.0891113	1.1235352	1.1520996	1.1618652	1.3046875	1.3474121	
1.8430176	1.8833008	1.9477539	2.0607910	2.0910645	2.2248535	2.5002441	2.5246582	
3.5041504	3.5759277	3.6916504	3.8740234	3.9890137	4.2189941	4.5656738	4.8442383	
6.9123535	7.0473633	7.2297363	7.6247559	7.9333496	8.3947754	8.9414062	9.4023438	
5.2971191	5.5805664	6.0219727	6.7375488	7.3242188	8.0581055	7.0004883	5.3647461	
5.5334473	5.2700195	4.4570312	5.0866699	6.2229004	7.4960938	5.7666016	5.3964844	
6.4270020	6.7458496	6.6008301	5.7675781	6.9477539	6.3884277	5.8901367	5.3759766	
6.8591309	7.3298340	7.2485352	6.7976074	7.0268555	7.4138184	7.0161133	6.8303223	
7.0087891	6.6809082	7.2954102	7.4719238	6.8691406	6.6062012	6.8735352	6.8615723	
7.2700195	6.7456055	6.8347168	6.9294434	7.2558594	6.9660645	7.3625488	7.1970215	
6.7553711	6.7211914	6.8459473	6.8100586	6.7998047	7.0068359	7.0944824	7.2973633	
6.9875488	7.1953125	7.2473145	7.1706543	7.2961426	7.0898438	7.2539062	7.6088867	
7.5380859	7.3691406	7.4851074	7.2976074	7.6606445	7.5441895	7.6857910	7.6909180	
7.9550781	8.2075195	7.9707031	7.9636230	7.7419434	8.3439941	8.2136230	8.2744141	
8.3535156	8.2268066	8.3676758	8.3271484	8.4863281	8.4592285	8.5883789	8.6762695	
8.5339355	8.5209961	8.7031250	8.7648926	8.6015625	8.7280273	8.7780762	8.8286133	
9.1208496	9.1791992	9.2314453	9.2690430	9.3752441	9.6513672	9.7346191	9.7275391	
10.0981445	10.0344238	9.5034180	9.3757324	9.5107422	9.8696289	9.4321289	10.0720215	
[rw 8192]
0.8322754	0.8264160	0.8388672	0.8566895	0.8754883	0.8603516	0.9121094	0.8896484	
0.8327637	1.1965332	1.1523438	0.9025879	0.8952637	0.9848633	0.9169922	1.1477051	
1.1530762	1.3388672	0.9641113	0.9963379	1.5854492	1.3168945	1.4943848	1.4731445	
1.6423340	1.9331055	1.8764648	1.6611328	2.0393066	2.0100098	1.9829102	1.9523926	
2.2854004	2.3649902	2.1672363	2.3564453	2.3706055	2.4392090	2.5937500	2.5449219	
2.6123047	3.0117188	3.1828613	3.2702637	3.1054688	3.0583496	3.1298828	3.1823730	
3.2304688	3.9892578	3.7119141	3.5644531	3.5634766	3.4311523	3.4868164	3.3300781	
3.2768555	3.8686523	3.8847656	3.2832031	3.7868652	4.4458008	4.0727539	3.2197266	
3.2907715	3.6076660	3.5517578	3.2705078	3.6381836	3.3784180	3.5092773	3.1884766	
3.4118652	3.5246582	3.5881348	3.3383789	3.5795898	3.3779297	3.4096680	3.5026855	
3.6645508	3.7849121	3.7692871	3.5507812	3.5747070	3.5842285	3.7690430	3.7077637	
3.7316895	3.8566895	4.3425293	3.8752441	3.9645996	3.9697266	3.9628906	3.9667969	
3.9802246	4.0563965	4.2321777	4.0913086	4.1569824	4.0751953	4.0981445	4.2158203	
4.3557129	4.2875977	4.2873535	4.2763672	5.2758789	4.5769043	4.5339355	4.4206543	
4.3574219	4.6860352	4.4687500	4.5266113	4.6406250	4.9787598	4.6088867	4.5249023	
4.5686035	4.6813965	4.6542969	4.5617676	5.0380859	5.2050781	4.7202148	4.7312012	
4.6569824	4.6530762	4.7380371	4.7104492	4.8864746	5.5673828	5.1301270	4.7741699	
4.6569824	4.5141602	4.6423340	4.5593262	4.9611816	6.1230469	4.8950195	4.6596680	
4.1005859	4.2150879	4.1845703	4.1308594	4.7770996	5.2062988	4.6501465	4.1943359	
3.7990723	3.8149414	3.8981934	3.8515625	4.1901855	4.3205566	4.1643066	3.8925781	
3.6804199	3.6972656	3.9042969	3.5131836	3.7785645	3.7731934	3.8596191	3.7854004	
3.5625000	3.6333008	3.7893066	3.5168457	3.7670898	3.6843262	3.7780762	3.7536621	
[sr 1048576]
15.6406250	13.6171875	14.0468750	15.9375000	15.6484375	17.7968750	20.6640625	18.7734375	
[sw 1048576]
13.5546875	13.3671875	15.2968750	14.8359375	16.0625000	15.0234375	17.4531250	21.0703125	
[sr 131072]
2.3007812	1.7304688	1.7539062	1.9355469	1.9541016	2.0136719	2.2500000	2.3691406	
[sw 131072]
1.6943359	1.9599609	1.7099609	2.0761719	2.1464844	1.9902344	2.1582031	2.3281250	
[sr 16384]
0.2723389	0.2227783	0.2277832	0.2458496	0.2437744	0.2501221	0.2796631	0.2960205	
[sw 16384]
0.2739258	0.2471924	0.2489014	0.2521973	0.2487793	0.2572021	0.3040771	0.3021240	
[sr 262144]
4.1894531	3.6699219	3.5019531	3.8750000	3.9492187	4.0058594	4.6503906	5.0078125	
[sw 262144]
3.7285156	3.4199219	3.5507812	3.7890625	3.8574219	3.8359375	4.3476562	4.7539062	
[sr 32768]
0.4597168	0.4287109	0.4401855	0.4873047	0.4938965	0.5056152	0.5541992	0.6044922	
[sw 32768]
0.4819336	0.4296875	0.4440918	0.4719238	0.5283203	0.4934082	0.5415039	0.6101074	
[sr 4096]
0.1759949	0.1590271	0.1614075	0.1649780	0.1672974	0.1577454	0.1667480	0.1608887	
[sw 4096]
0.1751709	0.1715698	0.1733704	0.1881714	0.1849670	0.1861267	0.1876526	0.1861877	
[sr 524288]
6.8242188	7.1640625	7.0781250	7.6796875	8.0468750	8.1250000	8.9804688	9.5156250	
[sw 524288]
6.6796875	6.7500000	7.7812500	7.8398438	7.7421875	7.8945312	8.8593750	9.5976562	
[sr 65536]
0.9003906	0.8579102	0.8847656	0.9838867	1.1850586	1.0117188	1.0883789	1.1767578	
[sw 65536]
1.0122070	1.2011719	0.8588867	0.9394531	0.9721680	1.0146484	1.2080078	1.2119141	
[sr 8192]
0.2050171	0.1745605	0.1813354	0.1793823	0.1744995	0.1757202	0.1765747	0.1947632	
[sw 8192]
0.2262573	0.2099609	0.2016602	0.2033081	0.2030640	0.2019043	0.1990967	0.2014771	